101Nsremoved_rename_npspace_gb_srt_dist.tab
	CR1	CR2	MA1	MA2	MM1	MM2
CR1	0	86	95	4	91	90
CR2	86	0	44	88	41	36
MA1	95	44	0	97	57	49
MA2	4	88	97	0	93	92
MM1	91	41	57	93	0	53
MM2	90	36	49	92	53	0
102Nsremoved_rename_npspace_gb_modified_srt_dist.tab
	CR1	CR2	MA1	MA2	MM1	MM2
CR1	0	285	269	170	101	163
CR2	285	0	158	279	280	298
MA1	269	158	0	224	268	285
MA2	170	279	224	0	155	162
MM1	101	280	268	155	0	158
MM2	163	298	285	162	158	0
103Nsremoved_rename_npspace_gb_srt_dist.tab
	CR1	CR2	MA1	MA2	MM1	MM2
CR1	0	222	223	175	128	120
CR2	222	0	101	170	220	233
MA1	223	101	0	139	224	234
MA2	175	170	139	0	183	95
MM1	128	220	224	183	0	143
MM2	120	233	234	95	143	0
104Nsremoved_rename_npspace_gb_srt_dist.tab
	CR1	CR2	MA1	MA2	MM1	MM2
CR1	0	254	85	246	83	85
CR2	254	0	246	58	246	246
MA1	85	246	0	236	79	0
MA2	246	58	236	0	238	236
MM1	83	246	79	238	0	79
MM2	85	246	0	236	79	0
105Nsremoved_rename_npspace_gb_srt_dist.tab
	CR1	CR2	MA1	MA2	MM1	MM2
CR1	0	159	37	150	165	150
CR2	159	0	158	52	59	52
MA1	37	158	0	147	162	147
MA2	150	52	147	0	40	0
MM1	165	59	162	40	0	40
MM2	150	52	147	0	40	0
10Nsremoved_rename_npspace_gb_srt_dist.tab
	CR1	CR2	MA1	MA2	MM1	MM2
CR1	0	201	83	222	83	76
CR2	201	0	196	61	196	198
MA1	83	196	0	210	0	83
MA2	222	61	210	0	210	210
MM1	83	196	0	210	0	83
MM2	76	198	83	210	83	0
110Nsremoved_rename_npspace_gb_srt_dist.tab
	CR1	CR2	MA1	MA2	MM1	MM2
CR1	0	293	186	277	164	191
CR2	293	0	261	111	271	279
MA1	186	261	0	285	143	160
MA2	277	111	285	0	303	314
MM1	164	271	143	303	0	146
MM2	191	279	160	314	146	0
111Nsremoved_rename_npspace_gb_srt_dist.tab
	CR1	CR2	MA1	MA2	MM1	MM2
CR1	0	329	116	308	116	155
CR2	329	0	323	74	323	330
MA1	116	323	0	299	0	175
MA2	308	74	299	0	299	308
MM1	116	323	0	299	0	175
MM2	155	330	175	308	175	0
112Nsremoved_rename_npspace_gb_srt_dist.tab
	CR1	CR2	MA1	MA2	MM1	MM2
CR1	0	366	369	250	242	232
CR2	366	0	65	386	387	383
MA1	369	65	0	387	391	387
MA2	250	386	387	0	245	247
MM1	242	387	391	245	0	56
MM2	232	383	387	247	56	0
114Nsremoved_rename_npspace_gb_srt_dist.tab
	CR1	CR2	MA1	MA2	MM1	MM2
CR1	0	64	30	64	30	25
CR2	64	0	58	16	56	57
MA1	30	58	0	60	24	23
MA2	64	16	60	0	60	59
MM1	30	56	24	60	0	23
MM2	25	57	23	59	23	0
115Nsremoved_rename_npspace_gb_srt_dist.tab
	CR1	CR2	MA1	MA2	MM1	MM2
CR1	0	47	251	88	86	88
CR2	47	0	204	103	105	103
MA1	251	204	0	256	249	256
MA2	88	103	256	0	74	0
MM1	86	105	249	74	0	74
MM2	88	103	256	0	74	0
116Nsremoved_rename_npspace_gb_srt_dist.tab
	CR1	CR2	MA1	MA2	MM1	MM2
CR1	0	212	81	194	81	78
CR2	212	0	218	67	218	201
MA1	81	218	0	200	0	85
MA2	194	67	200	0	200	182
MM1	81	218	0	200	0	85
MM2	78	201	85	182	85	0
119Nsremoved_rename_npspace_gb_srt_dist.tab
	CR1	CR2	MA1	MA2	MM1	MM2
CR1	0	201	107	198	88	107
CR2	201	0	205	52	196	205
MA1	107	205	0	201	109	0
MA2	198	52	201	0	197	201
MM1	88	196	109	197	0	109
MM2	107	205	0	201	109	0
120Nsremoved_rename_npspace_gb_srt_dist.tab
	CR1	CR2	MA1	MA2	MM1	MM2
CR1	0	388	227	364	183	183
CR2	388	0	288	144	397	397
MA1	227	288	0	218	165	165
MA2	364	144	218	0	383	383
MM1	183	397	165	383	0	0
MM2	183	397	165	383	0	0
122Nsremoved_rename_npspace_gb_modified_srt_dist.tab
	CR1	CR2	MA1	MA2	MM1	MM2
CR1	0	219	89	218	218	243
CR2	219	0	221	3	3	96
MA1	89	221	0	220	220	244
MA2	218	3	220	0	0	93
MM1	218	3	220	0	0	93
MM2	243	96	244	93	93	0
123Nsremoved_rename_npspace_gb_srt_dist.tab
	CR1	CR2	MA1	MA2	MM1	MM2
CR1	0	211	152	207	109	156
CR2	211	0	231	52	199	223
MA1	152	231	0	211	121	166
MA2	207	52	211	0	187	209
MM1	109	199	121	187	0	153
MM2	156	223	166	209	153	0
124Nsremoved_rename_npspace_gb_srt_dist.tab
	CR1	CR2	MA1	MA2	MM1	MM2
CR1	0	240	117	193	107	117
CR2	240	0	241	178	230	241
MA1	117	241	0	106	96	0
MA2	193	178	106	0	166	106
MM1	107	230	96	166	0	96
MM2	117	241	0	106	96	0
125Nsremoved_rename_npspace_gb_srt_dist.tab
	CR1	CR2	MA1	MA2	MM1	MM2
CR1	0	219	49	205	197	205
CR2	219	0	200	130	104	130
MA1	49	200	0	186	179	186
MA2	205	130	186	0	98	0
MM1	197	104	179	98	0	98
MM2	205	130	186	0	98	0
126Nsremoved_rename_npspace_gb_srt_dist.tab
	CR1	CR2	MA1	MA2	MM1	MM2
CR1	0	342	324	278	156	160
CR2	342	0	137	191	340	321
MA1	324	137	0	93	329	310
MA2	278	191	93	0	285	217
MM1	156	340	329	285	0	161
MM2	160	321	310	217	161	0
128Nsremoved_rename_npspace_gb_srt_dist.tab
	CR1	CR2	MA1	MA2	MM1	MM2
CR1	0	129	129	54	54	61
CR2	129	0	26	127	127	130
MA1	129	26	0	127	127	130
MA2	54	127	127	0	0	63
MM1	54	127	127	0	0	63
MM2	61	130	130	63	63	0
129Nsremoved_rename_npspace_gb_srt_dist.tab
	CR1	CR2	MA1	MA2	MM1	MM2
CR1	0	263	259	60	60	207
CR2	263	0	58	265	265	280
MA1	259	58	0	262	262	280
MA2	60	265	262	0	0	231
MM1	60	265	262	0	0	231
MM2	207	280	280	231	231	0
12Nsremoved_rename_npspace_gb_srt_dist.tab
	CR1	CR2	MA1	MA2	MM1	MM2
CR1	0	315	318	168	168	121
CR2	315	0	53	303	303	292
MA1	318	53	0	304	304	293
MA2	168	303	304	0	0	139
MM1	168	303	304	0	0	139
MM2	121	292	293	139	139	0
131Nsremoved_rename_npspace_gb_srt_dist.tab
	CR1	CR2	MA1	MA2	MM1	MM2
CR1	0	375	153	374	138	149
CR2	375	0	346	73	375	360
MA1	153	346	0	349	146	48
MA2	374	73	349	0	370	365
MM1	138	375	146	370	0	104
MM2	149	360	48	365	104	0
132Nsremoved_rename_npspace_gb_srt_dist.tab
	CR1	CR2	MA1	MA2	MM1	MM2
CR1	0	353	186	353	186	169
CR2	353	0	324	83	324	339
MA1	186	324	0	333	0	184
MA2	353	83	333	0	333	345
MM1	186	324	0	333	0	184
MM2	169	339	184	345	184	0
133Nsremoved_rename_npspace_gb_srt_dist.tab
	CR1	CR2	MA1	MA2	MM1	MM2
CR1	0	290	166	286	166	163
CR2	290	0	299	118	299	294
MA1	166	299	0	298	0	158
MA2	286	118	298	0	298	290
MM1	166	299	0	298	0	158
MM2	163	294	158	290	158	0
134Nsremoved_rename_npspace_gb_srt_dist.tab
	CR1	CR2	MA1	MA2	MM1	MM2
CR1	0	314	11	321	152	36
CR2	314	0	321	80	298	326
MA1	11	321	0	328	149	27
MA2	321	80	328	0	303	333
MM1	152	298	149	303	0	122
MM2	36	326	27	333	122	0
137Nsremoved_rename_npspace_gb_srt_dist.tab
	CR1	CR2	MA1	MA2	MM1	MM2
CR1	0	71	36	111	36	52
CR2	71	0	83	54	83	96
MA1	36	83	0	115	0	58
MA2	111	54	115	0	115	110
MM1	36	83	0	115	0	58
MM2	52	96	58	110	58	0
138Nsremoved_rename_npspace_gb_srt_dist.tab
	CR1	CR2	MA1	MA2	MM1	MM2
CR1	0	292	150	298	298	298
CR2	292	0	295	166	174	166
MA1	150	295	0	297	291	297
MA2	298	166	297	0	96	0
MM1	298	174	291	96	0	96
MM2	298	166	297	0	96	0
139Nsremoved_rename_npspace_gb_srt_dist.tab
	CR1	CR2	MA1	MA2	MM1	MM2
CR1	0	263	158	264	189	158
CR2	263	0	252	68	266	252
MA1	158	252	0	254	216	0
MA2	264	68	254	0	263	254
MM1	189	266	216	263	0	216
MM2	158	252	0	254	216	0
13Nsremoved_rename_npspace_gb_srt_dist.tab
	CR1	CR2	MA1	MA2	MM1	MM2
CR1	0	378	365	96	365	387
CR2	378	0	171	337	171	141
MA1	365	171	0	324	0	153
MA2	96	337	324	0	324	348
MM1	365	171	0	324	0	153
MM2	387	141	153	348	153	0
140Nsremoved_rename_npspace_gb_srt_dist.tab
	CR1	CR2	MA1	MA2	MM1	MM2
CR1	0	301	177	306	178	155
CR2	301	0	300	146	302	304
MA1	177	300	0	302	117	179
MA2	306	146	302	0	309	311
MM1	178	302	117	309	0	127
MM2	155	304	179	311	127	0
141Nsremoved_rename_npspace_gb_srt_dist.tab
	CR1	CR2	MA1	MA2	MM1	MM2
CR1	0	144	218	49	217	236
CR2	144	0	152	167	124	166
MA1	218	152	0	215	118	128
MA2	49	167	215	0	217	233
MM1	217	124	118	217	0	139
MM2	236	166	128	233	139	0
142Nsremoved_rename_npspace_gb_srt_dist.tab
	CR1	CR2	MA1	MA2	MM1	MM2
CR1	0	182	82	169	82	84
CR2	182	0	190	41	190	188
MA1	82	190	0	177	0	102
MA2	169	41	177	0	177	173
MM1	82	190	0	177	0	102
MM2	84	188	102	173	102	0
143Nsremoved_rename_npspace_gb_srt_dist.tab
	CR1	CR2	MA1	MA2	MM1	MM2
CR1	0	229	109	217	124	109
CR2	229	0	212	76	213	212
MA1	109	212	0	204	100	0
MA2	217	76	204	0	207	204
MM1	124	213	100	207	0	100
MM2	109	212	0	204	100	0
144Nsremoved_rename_npspace_gb_modified_srt_dist.tab
	CR1	CR2	MA1	MA2	MM1	MM2
CR1	0	325	316	143	302	309
CR2	325	0	218	347	222	245
MA1	316	218	0	340	188	154
MA2	143	347	340	0	318	329
MM1	302	222	188	318	0	212
MM2	309	245	154	329	212	0
146Nsremoved_rename_npspace_gb_modified_srt_dist.tab
	CR1	CR2	MA1	MA2	MM1	MM2
CR1	0	141	222	75	215	213
CR2	141	0	161	132	143	148
MA1	222	161	0	229	95	95
MA2	75	132	229	0	215	216
MM1	215	143	95	215	0	90
MM2	213	148	95	216	90	0
147Nsremoved_rename_npspace_gb_srt_dist.tab
	CR1	CR2	MA1	MA2	MM1	MM2
CR1	0	251	245	52	245	252
CR2	251	0	63	234	63	79
MA1	245	63	0	228	0	68
MA2	52	234	228	0	228	233
MM1	245	63	0	228	0	68
MM2	252	79	68	233	68	0
148Nsremoved_rename_npspace_gb_modified_srt_dist.tab
	CR1	CR2	MA1	MA2	MM1	MM2
CR1	0	331	168	338	162	189
CR2	331	0	324	116	326	341
MA1	168	324	0	318	16	181
MA2	338	116	318	0	334	347
MM1	162	326	16	334	0	165
MM2	189	341	181	347	165	0
149Nsremoved_rename_npspace_gb_srt_dist.tab
	CR1	CR2	MA1	MA2	MM1	MM2
CR1	0	228	128	241	113	106
CR2	228	0	235	67	242	238
MA1	128	235	0	212	134	120
MA2	241	67	212	0	252	246
MM1	113	242	134	252	0	98
MM2	106	238	120	246	98	0
14Nsremoved_rename_npspace_gb_modified_srt_dist.tab
	CR1	CR2	MA1	MA2	MM1	MM2
CR1	0	283	102	280	102	158
CR2	283	0	265	94	265	279
MA1	102	265	0	259	0	142
MA2	280	94	259	0	259	270
MM1	102	265	0	259	0	142
MM2	158	279	142	270	142	0
154Nsremoved_rename_npspace_gb_srt_dist.tab
	CR1	CR2	MA1	MA2	MM1	MM2
CR1	0	157	149	75	54	48
CR2	157	0	11	132	133	141
MA1	149	11	0	126	127	135
MA2	75	132	126	0	53	37
MM1	54	133	127	53	0	24
MM2	48	141	135	37	24	0
156Nsremoved_rename_npspace_gb_srt_dist.tab
	CR1	CR2	MA1	MA2	MM1	MM2
CR1	0	307	281	28	316	281
CR2	307	0	176	312	180	176
MA1	281	176	0	286	170	0
MA2	28	312	286	0	321	286
MM1	316	180	170	321	0	170
MM2	281	176	0	286	170	0
159Nsremoved_rename_npspace_gb_srt_dist.tab
	CR1	CR2	MA1	MA2	MM1	MM2
CR1	0	284	59	266	260	261
CR2	284	0	285	154	182	169
MA1	59	285	0	273	257	264
MA2	266	154	273	0	146	148
MM1	260	182	257	146	0	157
MM2	261	169	264	148	157	0
15Nsremoved_rename_npspace_gb_srt_dist.tab
	CR1	CR2	MA1	MA2	MM1	MM2
CR1	0	80	211	119	55	126
CR2	80	0	154	169	110	175
MA1	211	154	0	206	220	257
MA2	119	169	206	0	110	136
MM1	55	110	220	110	0	108
MM2	126	175	257	136	108	0
160Nsremoved_rename_npspace_gb_modified_srt_dist.tab
	CR1	CR2	MA1	MA2	MM1	MM2
CR1	0	85	56	23	23	27
CR2	85	0	37	90	90	89
MA1	56	37	0	61	61	63
MA2	23	90	61	0	0	26
MM1	23	90	61	0	0	26
MM2	27	89	63	26	26	0
161Nsremoved_rename_npspace_gb_srt_dist.tab
	CR1	CR2	MA1	MA2	MM1	MM2
CR1	0	371	384	160	386	391
CR2	371	0	191	393	123	187
MA1	384	191	0	401	204	206
MA2	160	393	401	0	409	415
MM1	386	123	204	409	0	228
MM2	391	187	206	415	228	0
165Nsremoved_rename_npspace_gb_srt_dist.tab
	CR1	CR2	MA1	MA2	MM1	MM2
CR1	0	311	155	311	312	307
CR2	311	0	311	0	150	197
MA1	155	311	0	311	307	322
MA2	311	0	311	0	150	197
MM1	312	150	307	150	0	190
MM2	307	197	322	197	190	0
167Nsremoved_rename_npspace_gb_srt_dist.tab
	CR1	CR2	MA1	MA2	MM1	MM2
CR1	0	300	0	297	106	0
CR2	300	0	300	55	303	300
MA1	0	300	0	297	106	0
MA2	297	55	297	0	300	297
MM1	106	303	106	300	0	106
MM2	0	300	0	297	106	0
168Nsremoved_rename_npspace_gb_srt_dist.tab
	CR1	CR2	MA1	MA2	MM1	MM2
CR1	0	305	207	307	189	228
CR2	305	0	294	99	296	319
MA1	207	294	0	297	207	203
MA2	307	99	297	0	300	317
MM1	189	296	207	300	0	230
MM2	228	319	203	317	230	0
170Nsremoved_rename_npspace_gb_srt_dist.tab
	CR1	CR2	MA1	MA2	MM1	MM2
CR1	0	211	211	103	118	100
CR2	211	0	80	228	221	227
MA1	211	80	0	224	218	221
MA2	103	228	224	0	129	91
MM1	118	221	218	129	0	138
MM2	100	227	221	91	138	0
172Nsremoved_rename_npspace_gb_srt_dist.tab
	CR1	CR2	MA1	MA2	MM1	MM2
CR1	0	288	162	279	162	141
CR2	288	0	282	107	282	281
MA1	162	282	0	281	0	178
MA2	279	107	281	0	281	276
MM1	162	282	0	281	0	178
MM2	141	281	178	276	178	0
173Nsremoved_rename_npspace_gb_srt_dist.tab
	CR1	CR2	MA1	MA2	MM1	MM2
CR1	0	229	113	234	113	108
CR2	229	0	220	65	220	231
MA1	113	220	0	223	0	103
MA2	234	65	223	0	223	234
MM1	113	220	0	223	0	103
MM2	108	231	103	234	103	0
174Nsremoved_rename_npspace_gb_srt_dist.tab
	CR1	CR2	MA1	MA2	MM1	MM2
CR1	0	157	163	47	157	163
CR2	157	0	71	156	0	71
MA1	163	71	0	160	71	0
MA2	47	156	160	0	156	160
MM1	157	0	71	156	0	71
MM2	163	71	0	160	71	0
175Nsremoved_rename_npspace_gb_srt_dist.tab
	CR1	CR2	MA1	MA2	MM1	MM2
CR1	0	20	270	126	111	126
CR2	20	0	284	120	103	120
MA1	270	284	0	271	287	271
MA2	126	120	271	0	104	0
MM1	111	103	287	104	0	104
MM2	126	120	271	0	104	0
176Nsremoved_rename_npspace_gb_srt_dist.tab
	CR1	CR2	MA1	MA2	MM1	MM2
CR1	0	8	174	198	200	216
CR2	8	0	182	206	192	208
MA1	174	182	0	243	247	263
MA2	198	206	243	0	134	20
MM1	200	192	247	134	0	114
MM2	216	208	263	20	114	0
177Nsremoved_rename_npspace_gb_srt_dist.tab
	CR1	CR2	MA1	MA2	MM1	MM2
CR1	0	165	178	161	142	161
CR2	165	0	36	243	229	243
MA1	178	36	0	236	222	236
MA2	161	243	236	0	116	0
MM1	142	229	222	116	0	116
MM2	161	243	236	0	116	0
178Nsremoved_rename_npspace_gb_srt_dist.tab
	CR1	CR2	MA1	MA2	MM1	MM2
CR1	0	445	192	465	260	245
CR2	445	0	437	149	447	446
MA1	192	437	0	463	282	311
MA2	465	149	463	0	475	469
MM1	260	447	282	475	0	223
MM2	245	446	311	469	223	0
179Nsremoved_rename_npspace_gb_srt_dist.tab
	CR1	CR2	MA1	MA2	MM1	MM2
CR1	0	285	151	276	151	137
CR2	285	0	292	65	292	275
MA1	151	292	0	279	0	127
MA2	276	65	279	0	279	266
MM1	151	292	0	279	0	127
MM2	137	275	127	266	127	0
180Nsremoved_rename_npspace_gb_srt_dist.tab
	CR1	CR2	MA1	MA2	MM1	MM2
CR1	0	554	239	354	239	240
CR2	554	0	581	454	581	582
MA1	239	581	0	167	0	1
MA2	354	454	167	0	167	168
MM1	239	581	0	167	0	1
MM2	240	582	1	168	1	0
181Nsremoved_rename_npspace_gb_srt_dist.tab
	CR1	CR2	MA1	MA2	MM1	MM2
CR1	0	272	275	120	0	129
CR2	272	0	55	259	272	267
MA1	275	55	0	261	275	267
MA2	120	259	261	0	120	120
MM1	0	272	275	120	0	129
MM2	129	267	267	120	129	0
183Nsremoved_rename_npspace_gb_srt_dist.tab
	CR1	CR2	MA1	MA2	MM1	MM2
CR1	0	138	148	32	148	140
CR2	138	0	61	143	61	16
MA1	148	61	0	153	0	57
MA2	32	143	153	0	153	145
MM1	148	61	0	153	0	57
MM2	140	16	57	145	57	0
184Nsremoved_rename_npspace_gb_srt_dist.tab
	CR1	CR2	MA1	MA2	MM1	MM2
CR1	0	95	56	88	3003	2994
CR2	95	0	88	39	2998	2989
MA1	56	88	0	82	3002	2993
MA2	88	39	82	0	3005	2996
MM1	3003	2998	3002	3005	0	50
MM2	2994	2989	2993	2996	50	0
186Nsremoved_rename_npspace_gb_srt_dist.tab
	CR1	CR2	MA1	MA2	MM1	MM2
CR1	0	220	73	226	73	61
CR2	220	0	223	32	223	214
MA1	73	223	0	229	0	66
MA2	226	32	229	0	229	220
MM1	73	223	0	229	0	66
MM2	61	214	66	220	66	0
187Nsremoved_rename_npspace_gb_srt_dist.tab
	CR1	CR2	MA1	MA2	MM1	MM2
CR1	0	292	282	139	164	154
CR2	292	0	87	288	298	290
MA1	282	87	0	278	288	276
MA2	139	288	278	0	153	160
MM1	164	298	288	153	0	160
MM2	154	290	276	160	160	0
188Nsremoved_rename_npspace_gb_srt_dist.tab
	CR1	CR2	MA1	MA2	MM1	MM2
CR1	0	110	169	169	169	177
CR2	110	0	253	129	129	104
MA1	169	253	0	241	241	270
MA2	169	129	241	0	0	139
MM1	169	129	241	0	0	139
MM2	177	104	270	139	139	0
189Nsremoved_rename_npspace_gb_modified_srt_dist.tab
	CR1	CR2	MA1	MA2	MM1	MM2
CR1	0	161	82	162	82	60
CR2	161	0	159	41	159	164
MA1	82	159	0	154	0	75
MA2	162	41	154	0	154	165
MM1	82	159	0	154	0	75
MM2	60	164	75	165	75	0
18Nsremoved_rename_npspace_gb_srt_dist.tab
	CR1	CR2	MA1	MA2	MM1	MM2
CR1	0	228	87	233	96	87
CR2	228	0	236	85	243	236
MA1	87	236	0	242	97	0
MA2	233	85	242	0	245	242
MM1	96	243	97	245	0	97
MM2	87	236	0	242	97	0
196Nsremoved_rename_npspace_gb_srt_dist.tab
	CR1	CR2	MA1	MA2	MM1	MM2
CR1	0	57	16	62	1858	1870
CR2	57	0	55	20	1867	1879
MA1	16	55	0	60	1859	1870
MA2	62	20	60	0	1873	1885
MM1	1858	1867	1859	1873	0	46
MM2	1870	1879	1870	1885	46	0
197Nsremoved_rename_npspace_gb_srt_dist.tab
	CR1	CR2	MA1	MA2	MM1	MM2
CR1	0	203	206	84	103	84
CR2	203	0	100	199	217	199
MA1	206	100	0	198	215	198
MA2	84	199	198	0	123	0
MM1	103	217	215	123	0	123
MM2	84	199	198	0	123	0
198Nsremoved_rename_npspace_gb_srt_dist.tab
	CR1	CR2	MA1	MA2	MM1	MM2
CR1	0	195	83	194	52	83
CR2	195	0	207	25	193	207
MA1	83	207	0	206	63	0
MA2	194	25	206	0	194	206
MM1	52	193	63	194	0	63
MM2	83	207	0	206	63	0
199Nsremoved_rename_npspace_gb_srt_dist.tab
	CR1	CR2	MA1	MA2	MM1	MM2
CR1	0	310	309	139	169	141
CR2	310	0	81	322	323	325
MA1	309	81	0	319	320	324
MA2	139	322	319	0	166	161
MM1	169	323	320	166	0	161
MM2	141	325	324	161	161	0
201Nsremoved_rename_npspace_gb_modified_srt_dist.tab
	CR1	CR2	MA1	MA2	MM1	MM2
CR1	0	176	63	180	63	84
CR2	176	0	185	62	185	180
MA1	63	185	0	193	0	77
MA2	180	62	193	0	193	186
MM1	63	185	0	193	0	77
MM2	84	180	77	186	77	0
203Nsremoved_rename_npspace_gb_srt_dist.tab
	CR1	CR2	MA1	MA2	MM1	MM2
CR1	0	151	151	42	149	151
CR2	151	0	0	150	34	0
MA1	151	0	0	150	34	0
MA2	42	150	150	0	149	150
MM1	149	34	34	149	0	34
MM2	151	0	0	150	34	0
204Nsremoved_rename_npspace_gb_srt_dist.tab
	CR1	CR2	MA1	MA2	MM1	MM2
CR1	0	247	225	88	236	244
CR2	247	0	157	247	162	141
MA1	225	157	0	232	140	150
MA2	88	247	232	0	238	241
MM1	236	162	140	238	0	128
MM2	244	141	150	241	128	0
205Nsremoved_rename_npspace_gb_modified_srt_dist.tab
	CR1	CR2	MA1	MA2	MM1	MM2
CR1	0	96	99	89	69	59
CR2	96	0	5	101	94	90
MA1	99	5	0	104	97	93
MA2	89	101	104	0	50	46
MM1	69	94	97	50	0	14
MM2	59	90	93	46	14	0
206Nsremoved_rename_npspace_gb_srt_dist.tab
	CR1	CR2	MA1	MA2	MM1	MM2
CR1	0	93	237	131	256	193
CR2	93	0	264	38	281	260
MA1	237	264	0	270	136	121
MA2	131	38	270	0	288	263
MM1	256	281	136	288	0	133
MM2	193	260	121	263	133	0
207Nsremoved_rename_npspace_gb_srt_dist.tab
	CR1	CR2	MA1	MA2	MM1	MM2
CR1	0	102	108	65	0	65
CR2	102	0	38	111	102	111
MA1	108	38	0	111	108	111
MA2	65	111	111	0	65	0
MM1	0	102	108	65	0	65
MM2	65	111	111	0	65	0
208Nsremoved_rename_npspace_gb_modified_srt_dist.tab
	CR1	CR2	MA1	MA2	MM1	MM2
CR1	0	70	33	74	36	31
CR2	70	0	70	18	66	55
MA1	33	70	0	74	34	45
MA2	74	18	74	0	70	59
MM1	36	66	34	70	0	47
MM2	31	55	45	59	47	0
209Nsremoved_rename_npspace_gb_srt_dist.tab
	CR1	CR2	MA1	MA2	MM1	MM2
CR1	0	219	222	65	65	75
CR2	219	0	50	210	210	206
MA1	222	50	0	213	213	209
MA2	65	210	213	0	0	80
MM1	65	210	213	0	0	80
MM2	75	206	209	80	80	0
20Nsremoved_rename_npspace_gb_srt_dist.tab
	CR1	CR2	MA1	MA2	MM1	MM2
CR1	0	191	91	188	91	112
CR2	191	0	187	58	187	185
MA1	91	187	0	184	0	100
MA2	188	58	184	0	184	184
MM1	91	187	0	184	0	100
MM2	112	185	100	184	100	0
210Nsremoved_rename_npspace_gb_srt_dist.tab
	CR1	CR2	MA1	MA2	MM1	MM2
CR1	0	45	39	17	17	10
CR2	45	0	16	46	46	45
MA1	39	16	0	34	34	37
MA2	17	46	34	0	0	15
MM1	17	46	34	0	0	15
MM2	10	45	37	15	15	0
211Nsremoved_rename_npspace_gb_srt_dist.tab
	CR1	CR2	MA1	MA2	MM1	MM2
CR1	0	294	132	291	119	123
CR2	294	0	256	89	289	287
MA1	132	256	0	233	142	130
MA2	291	89	233	0	288	284
MM1	119	289	142	288	0	113
MM2	123	287	130	284	113	0
212Nsremoved_rename_npspace_gb_srt_dist.tab
	CR1	CR2	MA1	MA2	MM1	MM2
CR1	0	254	195	188	158	130
CR2	254	0	127	121	237	228
MA1	195	127	0	180	179	162
MA2	188	121	180	0	202	175
MM1	158	237	179	202	0	132
MM2	130	228	162	175	132	0
213Nsremoved_rename_npspace_gb_srt_dist.tab
	CR1	CR2	MA1	MA2	MM1	MM2
CR1	0	529	298	549	299	335
CR2	529	0	510	138	511	516
MA1	298	510	0	520	1	320
MA2	549	138	520	0	521	527
MM1	299	511	1	521	0	319
MM2	335	516	320	527	319	0
216Nsremoved_rename_npspace_gb_srt_dist.tab
	CR1	CR2	MA1	MA2	MM1	MM2
CR1	0	135	99	189	200	158
CR2	135	0	178	84	267	230
MA1	99	178	0	133	204	147
MA2	189	84	133	0	271	242
MM1	200	267	204	271	0	213
MM2	158	230	147	242	213	0
217Nsremoved_rename_npspace_gb_srt_dist.tab
	CR1	CR2	MA1	MA2	MM1	MM2
CR1	0	273	48	266	141	48
CR2	273	0	262	86	255	262
MA1	48	262	0	259	138	0
MA2	266	86	259	0	250	259
MM1	141	255	138	250	0	138
MM2	48	262	0	259	138	0
218Nsremoved_rename_npspace_gb_srt_dist.tab
	CR1	CR2	MA1	MA2	MM1	MM2
CR1	0	298	283	74	301	287
CR2	298	0	73	299	116	134
MA1	283	73	0	276	127	131
MA2	74	299	276	0	294	282
MM1	301	116	127	294	0	132
MM2	287	134	131	282	132	0
220Nsremoved_rename_npspace_gb_srt_dist.tab
	CR1	CR2	MA1	MA2	MM1	MM2
CR1	0	307	0	305	0	123
CR2	307	0	307	73	307	302
MA1	0	307	0	305	0	123
MA2	305	73	305	0	305	301
MM1	0	307	0	305	0	123
MM2	123	302	123	301	123	0
222Nsremoved_rename_npspace_gb_srt_dist.tab
	CR1	CR2	MA1	MA2	MM1	MM2
CR1	0	156	162	0	162	156
CR2	156	0	95	156	95	97
MA1	162	95	0	162	0	107
MA2	0	156	162	0	162	156
MM1	162	95	0	162	0	107
MM2	156	97	107	156	107	0
223Nsremoved_rename_npspace_gb_srt_dist.tab
	CR1	CR2	MA1	MA2	MM1	MM2
CR1	0	288	141	280	163	139
CR2	288	0	272	111	290	264
MA1	141	272	0	266	156	113
MA2	280	111	266	0	279	262
MM1	163	290	156	279	0	148
MM2	139	264	113	262	148	0
224Nsremoved_rename_npspace_gb_modified_srt_dist.tab
	CR1	CR2	MA1	MA2	MM1	MM2
CR1	0	195	209	125	148	125
CR2	195	0	72	198	192	198
MA1	209	72	0	210	198	210
MA2	125	198	210	0	159	0
MM1	148	192	198	159	0	159
MM2	125	198	210	0	159	0
227Nsremoved_rename_npspace_gb_srt_dist.tab
	CR1	CR2	MA1	MA2	MM1	MM2
CR1	0	267	283	0	146	136
CR2	267	0	59	267	274	273
MA1	283	59	0	283	291	289
MA2	0	267	283	0	146	136
MM1	146	274	291	146	0	101
MM2	136	273	289	136	101	0
228Nsremoved_rename_npspace_gb_srt_dist.tab
	CR1	CR2	MA1	MA2	MM1	MM2
CR1	0	244	101	242	116	101
CR2	244	0	245	83	238	245
MA1	101	245	0	241	101	0
MA2	242	83	241	0	236	241
MM1	116	238	101	236	0	101
MM2	101	245	0	241	101	0
231Nsremoved_rename_npspace_gb_srt_dist.tab
	CR1	CR2	MA1	MA2	MM1	MM2
CR1	0	196	203	204	38	118
CR2	196	0	55	53	189	185
MA1	203	55	0	4	194	191
MA2	204	53	4	0	195	190
MM1	38	189	194	195	0	116
MM2	118	185	191	190	116	0
232Nsremoved_rename_npspace_gb_srt_dist.tab
	CR1	CR2	MA1	MA2	MM1	MM2
CR1	0	294	188	312	188	121
CR2	294	0	293	161	293	304
MA1	188	293	0	303	0	169
MA2	312	161	303	0	303	312
MM1	188	293	0	303	0	169
MM2	121	304	169	312	169	0
233Nsremoved_rename_npspace_gb_srt_dist.tab
	CR1	CR2	MA1	MA2	MM1	MM2
CR1	0	247	96	241	37	96
CR2	247	0	236	46	245	236
MA1	96	236	0	230	97	0
MA2	241	46	230	0	239	230
MM1	37	245	97	239	0	97
MM2	96	236	0	230	97	0
235Nsremoved_rename_npspace_gb_srt_dist.tab
	CR1	CR2	MA1	MA2	MM1	MM2
CR1	0	360	346	207	171	137
CR2	360	0	98	341	349	372
MA1	346	98	0	340	338	360
MA2	207	341	340	0	210	224
MM1	171	349	338	210	0	160
MM2	137	372	360	224	160	0
237Nsremoved_rename_npspace_gb_srt_dist.tab
	CR1	CR2	MA1	MA2	MM1	MM2
CR1	0	234	77	238	233	230
CR2	234	0	228	74	91	74
MA1	77	228	0	244	229	225
MA2	238	74	244	0	95	87
MM1	233	91	229	95	0	87
MM2	230	74	225	87	87	0
239Nsremoved_rename_npspace_gb_srt_dist.tab
	CR1	CR2	MA1	MA2	MM1	MM2
CR1	0	365	180	352	190	155
CR2	365	0	379	133	387	366
MA1	180	379	0	365	191	169
MA2	352	133	365	0	374	353
MM1	190	387	191	374	0	147
MM2	155	366	169	353	147	0
23Nsremoved_rename_npspace_gb_srt_dist.tab
	CR1	CR2	MA1	MA2	MM1	MM2
CR1	0	351	214	365	179	197
CR2	351	0	339	142	338	349
MA1	214	339	0	346	207	223
MA2	365	142	346	0	346	354
MM1	179	338	207	346	0	210
MM2	197	349	223	354	210	0
240Nsremoved_rename_npspace_gb_srt_dist.tab
	CR1	CR2	MA1	MA2	MM1	MM2
CR1	0	248	124	241	148	151
CR2	248	0	227	68	240	262
MA1	124	227	0	222	130	139
MA2	241	68	222	0	234	259
MM1	148	240	130	234	0	148
MM2	151	262	139	259	148	0
242Nsremoved_rename_npspace_gb_srt_dist.tab
	CR1	CR2	MA1	MA2	MM1	MM2
CR1	0	612	602	397	346	379
CR2	612	0	201	607	593	608
MA1	602	201	0	617	600	613
MA2	397	607	617	0	418	409
MM1	346	593	600	418	0	327
MM2	379	608	613	409	327	0
243Nsremoved_rename_npspace_gb_srt_dist.tab
	CR1	CR2	MA1	MA2	MM1	MM2
CR1	0	291	172	288	172	175
CR2	291	0	286	86	286	278
MA1	172	286	0	292	0	45
MA2	288	86	292	0	292	284
MM1	172	286	0	292	0	45
MM2	175	278	45	284	45	0
245Nsremoved_rename_npspace_gb_srt_dist.tab
	CR1	CR2	MA1	MA2	MM1	MM2
CR1	0	235	254	149	142	149
CR2	235	0	87	252	248	252
MA1	254	87	0	257	263	257
MA2	149	252	257	0	133	0
MM1	142	248	263	133	0	133
MM2	149	252	257	0	133	0
246Nsremoved_rename_npspace_gb_srt_dist.tab
	CR1	CR2	MA1	MA2	MM1	MM2
CR1	0	492	264	483	246	264
CR2	492	0	473	163	480	473
MA1	264	473	0	422	306	0
MA2	483	163	422	0	500	422
MM1	246	480	306	500	0	306
MM2	264	473	0	422	306	0
247Nsremoved_rename_npspace_gb_srt_dist.tab
	CR1	CR2	MA1	MA2	MM1	MM2
CR1	0	267	245	47	274	255
CR2	267	0	95	258	122	107
MA1	245	95	0	239	95	87
MA2	47	258	239	0	266	246
MM1	274	122	95	266	0	100
MM2	255	107	87	246	100	0
248Nsremoved_rename_npspace_gb_srt_dist.tab
	CR1	CR2	MA1	MA2	MM1	MM2
CR1	0	209	93	231	99	93
CR2	209	0	202	79	215	202
MA1	93	202	0	229	84	0
MA2	231	79	229	0	238	229
MM1	99	215	84	238	0	84
MM2	93	202	0	229	84	0
249Nsremoved_rename_npspace_gb_modified_srt_dist.tab
	CR1	CR2	MA1	MA2	MM1	MM2
CR1	0	156	166	65	166	166
CR2	156	0	102	161	88	102
MA1	166	102	0	171	102	0
MA2	65	161	171	0	168	171
MM1	166	88	102	168	0	102
MM2	166	102	0	171	102	0
250Nsremoved_rename_npspace_gb_srt_dist.tab
	CR1	CR2	MA1	MA2	MM1	MM2
CR1	0	60	112	281	112	119
CR2	60	0	124	261	124	127
MA1	112	124	0	283	18	103
MA2	281	261	283	0	283	291
MM1	112	124	18	283	0	85
MM2	119	127	103	291	85	0
251Nsremoved_rename_npspace_gb_srt_dist.tab
	CR1	CR2	MA1	MA2	MM1	MM2
CR1	0	262	145	272	155	150
CR2	262	0	284	82	291	290
MA1	145	284	0	297	127	133
MA2	272	82	297	0	304	304
MM1	155	291	127	304	0	85
MM2	150	290	133	304	85	0
252Nsremoved_rename_npspace_gb_modified_srt_dist.tab
	CR1	CR2	MA1	MA2	MM1	MM2
CR1	0	100	29	98	109	108
CR2	100	0	95	66	85	66
MA1	29	95	0	93	104	103
MA2	98	66	93	0	69	65
MM1	109	85	104	69	0	78
MM2	108	66	103	65	78	0
253Nsremoved_rename_npspace_gb_srt_dist.tab
	CR1	CR2	MA1	MA2	MM1	MM2
CR1	0	152	141	55	143	142
CR2	152	0	88	159	82	81
MA1	141	88	0	146	80	79
MA2	55	159	146	0	146	145
MM1	143	82	80	146	0	1
MM2	142	81	79	145	1	0
256Nsremoved_rename_npspace_gb_srt_dist.tab
	CR1	CR2	MA1	MA2	MM1	MM2
CR1	0	174	71	177	61	71
CR2	174	0	179	21	183	179
MA1	71	179	0	182	84	0
MA2	177	21	182	0	186	182
MM1	61	183	84	186	0	84
MM2	71	179	0	182	84	0
257Nsremoved_rename_npspace_gb_srt_dist.tab
	CR1	CR2	MA1	MA2	MM1	MM2
CR1	0	202	152	180	148	152
CR2	202	0	150	118	166	150
MA1	152	150	0	195	123	0
MA2	180	118	195	0	202	195
MM1	148	166	123	202	0	123
MM2	152	150	0	195	123	0
258Nsremoved_rename_npspace_gb_srt_dist.tab
	CR1	CR2	MA1	MA2	MM1	MM2
CR1	0	324	325	156	139	0
CR2	324	0	56	315	307	324
MA1	325	56	0	317	306	325
MA2	156	315	317	0	147	156
MM1	139	307	306	147	0	139
MM2	0	324	325	156	139	0
259Nsremoved_rename_npspace_gb_modified_srt_dist.tab
	CR1	CR2	MA1	MA2	MM1	MM2
CR1	0	288	260	161	149	199
CR2	288	0	136	283	291	298
MA1	260	136	0	237	272	271
MA2	161	283	237	0	209	215
MM1	149	291	272	209	0	162
MM2	199	298	271	215	162	0
25Nsremoved_rename_npspace_gb_srt_dist.tab
	CR1	CR2	MA1	MA2	MM1	MM2
CR1	0	0	118	412	425	412
CR2	0	0	118	412	425	412
MA1	118	118	0	446	448	446
MA2	412	412	446	0	209	0
MM1	425	425	448	209	0	209
MM2	412	412	446	0	209	0
261Nsremoved_rename_npspace_gb_srt_dist.tab
	CR1	CR2	MA1	MA2	MM1	MM2
CR1	0	146	77	138	78	78
CR2	146	0	122	75	129	136
MA1	77	122	0	116	7	89
MA2	138	75	116	0	123	132
MM1	78	129	7	123	0	90
MM2	78	136	89	132	90	0
262Nsremoved_rename_npspace_gb_srt_dist.tab
	CR1	CR2	MA1	MA2	MM1	MM2
CR1	0	149	62	153	55	62
CR2	149	0	159	54	153	159
MA1	62	159	0	162	63	0
MA2	153	54	162	0	154	162
MM1	55	153	63	154	0	63
MM2	62	159	0	162	63	0
264Nsremoved_rename_npspace_gb_srt_dist.tab
	CR1	CR2	MA1	MA2	MM1	MM2
CR1	0	146	47	133	47	52
CR2	146	0	144	25	144	145
MA1	47	144	0	131	0	54
MA2	133	25	131	0	131	132
MM1	47	144	0	131	0	54
MM2	52	145	54	132	54	0
265Nsremoved_rename_npspace_gb_srt_dist.tab
	CR1	CR2	MA1	MA2	MM1	MM2
CR1	0	131	158	249	125	122
CR2	131	0	186	124	191	162
MA1	158	186	0	246	161	78
MA2	249	124	246	0	234	242
MM1	125	191	161	234	0	143
MM2	122	162	78	242	143	0
266Nsremoved_rename_npspace_gb_srt_dist.tab
	CR1	CR2	MA1	MA2	MM1	MM2
CR1	0	210	215	50	227	215
CR2	210	0	23	231	63	23
MA1	215	23	0	236	68	0
MA2	50	231	236	0	248	236
MM1	227	63	68	248	0	68
MM2	215	23	0	236	68	0
267Nsremoved_rename_npspace_gb_srt_dist.tab
	CR1	CR2	MA1	MA2	MM1	MM2
CR1	0	412	439	202	193	184
CR2	412	0	54	427	427	426
MA1	439	54	0	450	452	449
MA2	202	427	450	0	190	78
MM1	193	427	452	190	0	190
MM2	184	426	449	78	190	0
268Nsremoved_rename_npspace_gb_srt_dist.tab
	CR1	CR2	MA1	MA2	MM1	MM2
CR1	0	85	42	90	42	33
CR2	85	0	88	27	88	81
MA1	42	88	0	93	0	33
MA2	90	27	93	0	93	86
MM1	42	88	0	93	0	33
MM2	33	81	33	86	33	0
270Nsremoved_rename_npspace_gb_srt_dist.tab
	CR1	CR2	MA1	MA2	MM1	MM2
CR1	0	121	39	124	59	39
CR2	121	0	127	32	126	127
MA1	39	127	0	128	52	0
MA2	124	32	128	0	127	128
MM1	59	126	52	127	0	52
MM2	39	127	0	128	52	0
273Nsremoved_rename_npspace_gb_srt_dist.tab
	CR1	CR2	MA1	MA2	MM1	MM2
CR1	0	214	95	212	95	85
CR2	214	0	214	40	214	184
MA1	95	214	0	201	0	80
MA2	212	40	201	0	201	184
MM1	95	214	0	201	0	80
MM2	85	184	80	184	80	0
275Nsremoved_rename_npspace_gb_srt_dist.tab
	CR1	CR2	MA1	MA2	MM1	MM2
CR1	0	286	156	286	149	156
CR2	286	0	290	0	284	290
MA1	156	290	0	290	165	0
MA2	286	0	290	0	284	290
MM1	149	284	165	284	0	165
MM2	156	290	0	290	165	0
276Nsremoved_rename_npspace_gb_modified_srt_dist.tab
	CR1	CR2	MA1	MA2	MM1	MM2
CR1	0	102	109	13	109	113
CR2	102	0	25	102	25	24
MA1	109	25	0	109	0	29
MA2	13	102	109	0	109	113
MM1	109	25	0	109	0	29
MM2	113	24	29	113	29	0
277Nsremoved_rename_npspace_gb_srt_dist.tab
	CR1	CR2	MA1	MA2	MM1	MM2
CR1	0	183	16	183	69	16
CR2	183	0	187	48	186	187
MA1	16	187	0	185	73	0
MA2	183	48	185	0	182	185
MM1	69	186	73	182	0	73
MM2	16	187	0	185	73	0
278Nsremoved_rename_npspace_gb_srt_dist.tab
	CR1	CR2	MA1	MA2	MM1	MM2
CR1	0	339	278	286	194	193
CR2	339	0	227	194	331	321
MA1	278	227	0	129	287	259
MA2	286	194	129	0	281	264
MM1	194	331	287	281	0	187
MM2	193	321	259	264	187	0
279Nsremoved_rename_npspace_gb_modified_srt_dist.tab
	CR1	CR2	MA1	MA2	MM1	MM2
CR1	0	264	264	93	254	248
CR2	264	0	155	277	125	138
MA1	264	155	0	279	130	153
MA2	93	277	279	0	265	269
MM1	254	125	130	265	0	150
MM2	248	138	153	269	150	0
27Nsremoved_rename_npspace_gb_srt_dist.tab
	CR1	CR2	MA1	MA2	MM1	MM2
CR1	0	24	67	165	95	67
CR2	24	0	67	166	95	67
MA1	67	67	0	171	90	0
MA2	165	166	171	0	177	171
MM1	95	95	90	177	0	90
MM2	67	67	0	171	90	0
280Nsremoved_rename_npspace_gb_srt_dist.tab
	CR1	CR2	MA1	MA2	MM1	MM2
CR1	0	146	78	153	62	49
CR2	146	0	116	33	157	144
MA1	78	116	0	111	101	40
MA2	153	33	111	0	164	151
MM1	62	157	101	164	0	76
MM2	49	144	40	151	76	0
281Nsremoved_rename_npspace_gb_modified_srt_dist.tab
	CR1	CR2	MA1	MA2	MM1	MM2
CR1	0	393	145	401	137	190
CR2	393	0	369	150	374	401
MA1	145	369	0	377	170	194
MA2	401	150	377	0	385	408
MM1	137	374	170	385	0	208
MM2	190	401	194	408	208	0
282Nsremoved_rename_npspace_gb_srt_dist.tab
	CR1	CR2	MA1	MA2	MM1	MM2
CR1	0	275	265	85	273	269
CR2	275	0	158	284	99	123
MA1	265	158	0	275	145	140
MA2	85	284	275	0	279	276
MM1	273	99	145	279	0	108
MM2	269	123	140	276	108	0
283Nsremoved_rename_npspace_gb_srt_dist.tab
	CR1	CR2	MA1	MA2	MM1	MM2
CR1	0	471	471	413	325	340
CR2	471	0	180	232	444	430
MA1	471	180	0	170	404	431
MA2	413	232	170	0	262	363
MM1	325	444	404	262	0	300
MM2	340	430	431	363	300	0
284Nsremoved_rename_npspace_gb_srt_dist.tab
	CR1	CR2	MA1	MA2	MM1	MM2
CR1	0	207	319	119	316	325
CR2	207	0	212	257	194	227
MA1	319	212	0	332	172	137
MA2	119	257	332	0	331	339
MM1	316	194	172	331	0	174
MM2	325	227	137	339	174	0
287Nsremoved_rename_npspace_gb_srt_dist.tab
	CR1	CR2	MA1	MA2	MM1	MM2
CR1	0	539	250	537	251	240
CR2	539	0	541	162	569	554
MA1	250	541	0	535	261	242
MA2	537	162	535	0	562	550
MM1	251	569	261	562	0	267
MM2	240	554	242	550	267	0
28Nsremoved_rename_npspace_gb_srt_dist.tab
	CR1	CR2	MA1	MA2	MM1	MM2
CR1	0	256	253	137	129	41
CR2	256	0	105	259	258	267
MA1	253	105	0	252	253	264
MA2	137	259	252	0	132	124
MM1	129	258	253	132	0	100
MM2	41	267	264	124	100	0
290Nsremoved_rename_npspace_gb_srt_dist.tab
	CR1	CR2	MA1	MA2	MM1	MM2
CR1	0	161	38	35	74	81
CR2	161	0	132	132	146	156
MA1	38	132	0	9	82	94
MA2	35	132	9	0	85	91
MM1	74	146	82	85	0	71
MM2	81	156	94	91	71	0
291Nsremoved_rename_npspace_gb_modified_srt_dist.tab
	CR1	CR2	MA1	MA2	MM1	MM2
CR1	0	340	292	77	356	338
CR2	340	0	54	322	209	6
MA1	292	54	0	268	245	52
MA2	77	322	268	0	340	320
MM1	356	209	245	340	0	205
MM2	338	6	52	320	205	0
297Nsremoved_rename_npspace_gb_modified_srt_dist.tab
	CR1	CR2	MA1	MA2	MM1	MM2
CR1	0	292	100	294	100	83
CR2	292	0	290	89	290	290
MA1	100	290	0	293	0	142
MA2	294	89	293	0	293	293
MM1	100	290	0	293	0	142
MM2	83	290	142	293	142	0
300Nsremoved_rename_npspace_gb_srt_dist.tab
	CR1	CR2	MA1	MA2	MM1	MM2
CR1	0	123	159	167	0	99
CR2	123	0	134	144	123	154
MA1	159	134	0	45	159	121
MA2	167	144	45	0	167	127
MM1	0	123	159	167	0	99
MM2	99	154	121	127	99	0
302Nsremoved_rename_npspace_gb_srt_dist.tab
	CR1	CR2	MA1	MA2	MM1	MM2
CR1	0	224	142	223	142	137
CR2	224	0	225	63	225	208
MA1	142	225	0	220	0	115
MA2	223	63	220	0	220	208
MM1	142	225	0	220	0	115
MM2	137	208	115	208	115	0
303Nsremoved_rename_npspace_gb_srt_dist.tab
	CR1	CR2	MA1	MA2	MM1	MM2
CR1	0	137	27	132	27	53
CR2	137	0	128	48	128	128
MA1	27	128	0	123	0	46
MA2	132	48	123	0	123	127
MM1	27	128	0	123	0	46
MM2	53	128	46	127	46	0
304Nsremoved_rename_npspace_gb_srt_dist.tab
	CR1	CR2	MA1	MA2	MM1	MM2
CR1	0	361	198	355	200	198
CR2	361	0	325	44	346	329
MA1	198	325	0	319	178	18
MA2	355	44	319	0	341	323
MM1	200	346	178	341	0	180
MM2	198	329	18	323	180	0
308Nsremoved_rename_npspace_gb_srt_dist.tab
	CR1	CR2	MA1	MA2	MM1	MM2
CR1	0	195	104	141	31	86
CR2	195	0	193	107	201	205
MA1	104	193	0	102	98	24
MA2	141	107	102	0	147	126
MM1	31	201	98	147	0	81
MM2	86	205	24	126	81	0
30Nsremoved_rename_npspace_gb_srt_dist.tab
	CR1	CR2	MA1	MA2	MM1	MM2
CR1	0	250	255	106	112	106
CR2	250	0	51	251	264	251
MA1	255	51	0	258	271	258
MA2	106	251	258	0	106	0
MM1	112	264	271	106	0	106
MM2	106	251	258	0	106	0
311Nsremoved_rename_npspace_gb_srt_dist.tab
	CR1	CR2	MA1	MA2	MM1	MM2
CR1	0	144	48	148	49	48
CR2	144	0	135	53	132	135
MA1	48	135	0	138	21	0
MA2	148	53	138	0	135	138
MM1	49	132	21	135	0	21
MM2	48	135	0	138	21	0
312Nsremoved_rename_npspace_gb_srt_dist.tab
	CR1	CR2	MA1	MA2	MM1	MM2
CR1	0	168	70	171	70	75
CR2	168	0	155	35	155	153
MA1	70	155	0	160	0	49
MA2	171	35	160	0	160	156
MM1	70	155	0	160	0	49
MM2	75	153	49	156	49	0
313Nsremoved_rename_npspace_gb_srt_dist.tab
	CR1	CR2	MA1	MA2	MM1	MM2
CR1	0	87	145	162	221	238
CR2	87	0	195	144	239	251
MA1	145	195	0	74	141	199
MA2	162	144	74	0	215	243
MM1	221	239	141	215	0	78
MM2	238	251	199	243	78	0
315Nsremoved_rename_npspace_gb_srt_dist.tab
	CR1	CR2	MA1	MA2	MM1	MM2
CR1	0	177	59	175	48	59
CR2	177	0	170	25	172	170
MA1	59	170	0	168	57	0
MA2	175	25	168	0	170	168
MM1	48	172	57	170	0	57
MM2	59	170	0	168	57	0
316Nsremoved_rename_npspace_gb_modified_srt_dist.tab
	CR1	CR2	MA1	MA2	MM1	MM2
CR1	0	184	54	183	194	183
CR2	184	0	198	94	82	94
MA1	54	198	0	195	208	195
MA2	183	94	195	0	89	0
MM1	194	82	208	89	0	89
MM2	183	94	195	0	89	0
317Nsremoved_rename_npspace_gb_srt_dist.tab
	CR1	CR2	MA1	MA2	MM1	MM2
CR1	0	297	152	303	165	152
CR2	297	0	295	88	315	295
MA1	152	295	0	310	152	0
MA2	303	88	310	0	324	310
MM1	165	315	152	324	0	152
MM2	152	295	0	310	152	0
318Nsremoved_rename_npspace_gb_modified_srt_dist.tab
	CR1	CR2	MA1	MA2	MM1	MM2
CR1	0	271	250	51	266	280
CR2	271	0	122	263	120	114
MA1	250	122	0	236	142	36
MA2	51	263	236	0	258	272
MM1	266	120	142	258	0	128
MM2	280	114	36	272	128	0
319Nsremoved_rename_npspace_gb_srt_dist.tab
	CR1	CR2	MA1	MA2	MM1	MM2
CR1	0	175	176	95	95	87
CR2	175	0	31	156	176	165
MA1	176	31	0	149	177	170
MA2	95	156	149	0	97	21
MM1	95	176	177	97	0	87
MM2	87	165	170	21	87	0
31Nsremoved_rename_npspace_gb_srt_dist.tab
	CR1	CR2	MA1	MA2	MM1	MM2
CR1	0	136	21	137	132	137
CR2	136	0	135	69	48	69
MA1	21	135	0	138	131	138
MA2	137	69	138	0	49	0
MM1	132	48	131	49	0	49
MM2	137	69	138	0	49	0
320Nsremoved_rename_npspace_gb_srt_dist.tab
	CR1	CR2	MA1	MA2	MM1	MM2
CR1	0	130	93	151	91	89
CR2	130	0	127	61	140	153
MA1	93	127	0	143	80	83
MA2	151	61	143	0	158	165
MM1	91	140	80	158	0	71
MM2	89	153	83	165	71	0
322Nsremoved_rename_npspace_gb_srt_dist.tab
	CR1	CR2	MA1	MA2	MM1	MM2
CR1	0	164	173	101	101	116
CR2	164	0	39	172	172	170
MA1	173	39	0	175	175	177
MA2	101	172	175	0	0	58
MM1	101	172	175	0	0	58
MM2	116	170	177	58	58	0
324Nsremoved_rename_npspace_gb_srt_dist.tab
	CR1	CR2	MA1	MA2	MM1	MM2
CR1	0	217	197	134	162	134
CR2	217	0	71	198	212	198
MA1	197	71	0	174	188	174
MA2	134	198	174	0	128	0
MM1	162	212	188	128	0	128
MM2	134	198	174	0	128	0
326Nsremoved_rename_npspace_gb_srt_dist.tab
	CR1	CR2	MA1	MA2	MM1	MM2
CR1	0	201	67	200	199	200
CR2	201	0	186	72	73	72
MA1	67	186	0	189	188	189
MA2	200	72	189	0	81	0
MM1	199	73	188	81	0	81
MM2	200	72	189	0	81	0
329Nsremoved_rename_npspace_gb_srt_dist.tab
	CR1	CR2	MA1	MA2	MM1	MM2
CR1	0	357	213	353	231	226
CR2	357	0	337	100	346	344
MA1	213	337	0	331	102	175
MA2	353	100	331	0	335	344
MM1	231	346	102	335	0	176
MM2	226	344	175	344	176	0
334Nsremoved_rename_npspace_gb_srt_dist.tab
	CR1	CR2	MA1	MA2	MM1	MM2
CR1	0	150	122	74	71	66
CR2	150	0	72	127	132	144
MA1	122	72	0	95	86	112
MA2	74	127	95	0	9	68
MM1	71	132	86	9	0	61
MM2	66	144	112	68	61	0
335Nsremoved_rename_npspace_gb_srt_dist.tab
	CR1	CR2	MA1	MA2	MM1	MM2
CR1	0	227	218	47	205	222
CR2	227	0	141	226	132	146
MA1	218	141	0	220	124	143
MA2	47	226	220	0	199	224
MM1	205	132	124	199	0	109
MM2	222	146	143	224	109	0
336Nsremoved_rename_npspace_gb_modified_srt_dist.tab
	CR1	CR2	MA1	MA2	MM1	MM2
CR1	0	118	17	117	2	1
CR2	118	0	120	33	116	117
MA1	17	120	0	119	17	16
MA2	117	33	119	0	115	116
MM1	2	116	17	115	0	3
MM2	1	117	16	116	3	0
337Nsremoved_rename_npspace_gb_srt_dist.tab
	CR1	CR2	MA1	MA2	MM1	MM2
CR1	0	126	173	97	165	173
CR2	126	0	67	201	106	69
MA1	173	67	0	190	97	64
MA2	97	201	190	0	192	199
MM1	165	106	97	192	0	113
MM2	173	69	64	199	113	0
33Nsremoved_rename_npspace_gb_srt_dist.tab
	CR1	CR2	MA1	MA2	MM1	MM2
CR1	0	133	339	95	91	95
CR2	133	0	236	220	216	220
MA1	339	236	0	356	342	356
MA2	95	220	356	0	103	0
MM1	91	216	342	103	0	103
MM2	95	220	356	0	103	0
342Nsremoved_rename_npspace_gb_srt_dist.tab
	CR1	CR2	MA1	MA2	MM1	MM2
CR1	0	277	172	271	164	185
CR2	277	0	283	10	290	302
MA1	172	283	0	277	163	207
MA2	271	10	277	0	284	296
MM1	164	290	163	284	0	152
MM2	185	302	207	296	152	0
343Nsremoved_rename_npspace_gb_srt_dist.tab
	CR1	CR2	MA1	MA2	MM1	MM2
CR1	0	359	179	358	167	179
CR2	359	0	370	96	372	370
MA1	179	370	0	369	172	0
MA2	358	96	369	0	373	369
MM1	167	372	172	373	0	172
MM2	179	370	0	369	172	0
344Nsremoved_rename_npspace_gb_srt_dist.tab
	CR1	CR2	MA1	MA2	MM1	MM2
CR1	0	538	511	144	493	510
CR2	538	0	320	519	293	297
MA1	511	320	0	490	224	288
MA2	144	519	490	0	475	495
MM1	493	293	224	475	0	279
MM2	510	297	288	495	279	0
346Nsremoved_rename_npspace_gb_srt_dist.tab
	CR1	CR2	MA1	MA2	MM1	MM2
CR1	0	487	288	483	300	288
CR2	487	0	475	88	456	475
MA1	288	475	0	473	274	0
MA2	483	88	473	0	453	473
MM1	300	456	274	453	0	274
MM2	288	475	0	473	274	0
348Nsremoved_rename_npspace_gb_modified_srt_dist.tab
	CR1	CR2	MA1	MA2	MM1	MM2
CR1	0	133	136	57	44	51
CR2	133	0	36	130	130	132
MA1	136	36	0	129	128	131
MA2	57	130	129	0	46	58
MM1	44	130	128	46	0	48
MM2	51	132	131	58	48	0
349Nsremoved_rename_npspace_gb_modified_srt_dist.tab
	CR1	CR2	MA1	MA2	MM1	MM2
CR1	0	157	91	159	90	82
CR2	157	0	157	64	164	165
MA1	91	157	0	157	85	106
MA2	159	64	157	0	165	167
MM1	90	164	85	165	0	101
MM2	82	165	106	167	101	0
34Nsremoved_rename_npspace_gb_srt_dist.tab
	CR1	CR2	MA1	MA2	MM1	MM2
CR1	0	157	89	155	89	82
CR2	157	0	163	80	163	159
MA1	89	163	0	165	0	66
MA2	155	80	165	0	165	159
MM1	89	163	0	165	0	66
MM2	82	159	66	159	66	0
352Nsremoved_rename_npspace_gb_modified_srt_dist.tab
	CR1	CR2	MA1	MA2	MM1	MM2
CR1	0	288	139	285	141	139
CR2	288	0	289	111	295	289
MA1	139	289	0	278	136	0
MA2	285	111	278	0	278	278
MM1	141	295	136	278	0	136
MM2	139	289	0	278	136	0
354Nsremoved_rename_npspace_gb_modified_srt_dist.tab
	CR1	CR2	MA1	MA2	MM1	MM2
CR1	0	360	100	144	361	345
CR2	360	0	335	306	196	182
MA1	100	335	0	140	311	326
MA2	144	306	140	0	259	285
MM1	361	196	311	259	0	177
MM2	345	182	326	285	177	0
356Nsremoved_rename_npspace_gb_srt_dist.tab
	CR1	CR2	MA1	MA2	MM1	MM2
CR1	0	33	16	35	18	19
CR2	33	0	33	8	33	32
MA1	16	33	0	35	14	11
MA2	35	8	35	0	35	34
MM1	18	33	14	35	0	9
MM2	19	32	11	34	9	0
358Nsremoved_rename_npspace_gb_srt_dist.tab
	CR1	CR2	MA1	MA2	MM1	MM2
CR1	0	127	79	87	56	70
CR2	127	0	121	103	114	124
MA1	79	121	0	22	70	67
MA2	87	103	22	0	76	77
MM1	56	114	70	76	0	64
MM2	70	124	67	77	64	0
361Nsremoved_rename_npspace_gb_srt_dist.tab
	CR1	CR2	MA1	MA2	MM1	MM2
CR1	0	208	197	158	197	228
CR2	208	0	86	203	86	157
MA1	197	86	0	145	0	144
MA2	158	203	145	0	145	192
MM1	197	86	0	145	0	144
MM2	228	157	144	192	144	0
362Nsremoved_rename_npspace_gb_modified_srt_dist.tab
	CR1	CR2	MA1	MA2	MM1	MM2
CR1	0	100	79	99	47	48
CR2	100	0	78	49	105	105
MA1	79	78	0	53	54	74
MA2	99	49	53	0	106	108
MM1	47	105	54	106	0	36
MM2	48	105	74	108	36	0
364Nsremoved_rename_npspace_gb_srt_dist.tab
	CR1	CR2	MA1	MA2	MM1	MM2
CR1	0	0	58	23	24	14
CR2	0	0	58	23	24	14
MA1	58	58	0	57	60	54
MA2	23	23	57	0	27	15
MM1	24	24	60	27	0	22
MM2	14	14	54	15	22	0
366Nsremoved_rename_npspace_gb_srt_dist.tab
	CR1	CR2	MA1	MA2	MM1	MM2
CR1	0	250	85	261	261	257
CR2	250	0	263	110	110	67
MA1	85	263	0	277	277	268
MA2	261	110	277	0	0	122
MM1	261	110	277	0	0	122
MM2	257	67	268	122	122	0
367Nsremoved_rename_npspace_gb_srt_dist.tab
	CR1	CR2	MA1	MA2	MM1	MM2
CR1	0	409	173	401	184	197
CR2	409	0	392	56	444	443
MA1	173	392	0	378	184	202
MA2	401	56	378	0	430	431
MM1	184	444	184	430	0	215
MM2	197	443	202	431	215	0
368Nsremoved_rename_npspace_gb_srt_dist.tab
	CR1	CR2	MA1	MA2	MM1	MM2
CR1	0	493	275	502	200	269
CR2	493	0	489	109	516	484
MA1	275	489	0	510	252	237
MA2	502	109	510	0	528	496
MM1	200	516	252	528	0	277
MM2	269	484	237	496	277	0
36Nsremoved_rename_npspace_gb_srt_dist.tab
	CR1	CR2	MA1	MA2	MM1	MM2
CR1	0	126	188	187	221	207
CR2	126	0	263	95	265	261
MA1	188	263	0	282	148	110
MA2	187	95	282	0	268	265
MM1	221	265	148	268	0	151
MM2	207	261	110	265	151	0
370Nsremoved_rename_npspace_gb_srt_dist.tab
	CR1	CR2	MA1	MA2	MM1	MM2
CR1	0	368	194	373	194	193
CR2	368	0	397	126	397	374
MA1	194	397	0	405	0	169
MA2	373	126	405	0	405	387
MM1	194	397	0	405	0	169
MM2	193	374	169	387	169	0
371Nsremoved_rename_npspace_gb_srt_dist.tab
	CR1	CR2	MA1	MA2	MM1	MM2
CR1	0	116	108	25	108	108
CR2	116	0	48	107	48	48
MA1	108	48	0	99	34	0
MA2	25	107	99	0	99	99
MM1	108	48	34	99	0	34
MM2	108	48	0	99	34	0
372Nsremoved_rename_npspace_gb_srt_dist.tab
	CR1	CR2	MA1	MA2	MM1	MM2
CR1	0	100	100	32	32	32
CR2	100	0	31	101	101	101
MA1	100	31	0	100	100	100
MA2	32	101	100	0	0	0
MM1	32	101	100	0	0	0
MM2	32	101	100	0	0	0
373Nsremoved_rename_npspace_gb_srt_dist.tab
	CR1	CR2	MA1	MA2	MM1	MM2
CR1	0	163	73	149	73	76
CR2	163	0	140	55	140	132
MA1	73	140	0	152	0	47
MA2	149	55	152	0	152	148
MM1	73	140	0	152	0	47
MM2	76	132	47	148	47	0
374Nsremoved_rename_npspace_gb_srt_dist.tab
	CR1	CR2	MA1	MA2	MM1	MM2
CR1	0	185	9	180	9	110
CR2	185	0	184	55	184	189
MA1	9	184	0	179	0	105
MA2	180	55	179	0	179	188
MM1	9	184	0	179	0	105
MM2	110	189	105	188	105	0
376Nsremoved_rename_npspace_gb_srt_dist.tab
	CR1	CR2	MA1	MA2	MM1	MM2
CR1	0	42	263	154	263	251
CR2	42	0	277	112	277	275
MA1	263	277	0	296	0	120
MA2	154	112	296	0	296	293
MM1	263	277	0	296	0	120
MM2	251	275	120	293	120	0
378Nsremoved_rename_npspace_gb_srt_dist.tab
	CR1	CR2	MA1	MA2	MM1	MM2
CR1	0	502	111	481	490	481
CR2	502	0	506	225	239	225
MA1	111	506	0	485	488	485
MA2	481	225	485	0	242	0
MM1	490	239	488	242	0	242
MM2	481	225	485	0	242	0
379Nsremoved_rename_npspace_gb_srt_dist.tab
	CR1	CR2	MA1	MA2	MM1	MM2
CR1	0	275	174	280	280	282
CR2	275	0	229	205	205	186
MA1	174	229	0	313	313	312
MA2	280	205	313	0	0	210
MM1	280	205	313	0	0	210
MM2	282	186	312	210	210	0
37Nsremoved_rename_npspace_gb_srt_dist.tab
	CR1	CR2	MA1	MA2	MM1	MM2
CR1	0	185	83	176	83	81
CR2	185	0	202	42	202	195
MA1	83	202	0	190	0	98
MA2	176	42	190	0	190	191
MM1	83	202	0	190	0	98
MM2	81	195	98	191	98	0
380Nsremoved_rename_npspace_gb_srt_dist.tab
	CR1	CR2	MA1	MA2	MM1	MM2
CR1	0	230	115	227	79	115
CR2	230	0	226	67	219	226
MA1	115	226	0	221	78	0
MA2	227	67	221	0	214	221
MM1	79	219	78	214	0	78
MM2	115	226	0	221	78	0
382Nsremoved_rename_npspace_gb_srt_dist.tab
	CR1	CR2	MA1	MA2	MM1	MM2
CR1	0	233	109	222	0	119
CR2	233	0	248	65	233	251
MA1	109	248	0	236	109	143
MA2	222	65	236	0	222	239
MM1	0	233	109	222	0	119
MM2	119	251	143	239	119	0
384Nsremoved_rename_npspace_gb_srt_dist.tab
	CR1	CR2	MA1	MA2	MM1	MM2
CR1	0	243	229	75	120	79
CR2	243	0	83	236	227	247
MA1	229	83	0	227	212	234
MA2	75	236	227	0	108	102
MM1	120	227	212	108	0	141
MM2	79	247	234	102	141	0
385Nsremoved_rename_npspace_gb_modified_srt_dist.tab
	CR1	CR2	MA1	MA2	MM1	MM2
CR1	0	151	62	157	62	75
CR2	151	0	154	61	154	147
MA1	62	154	0	160	0	69
MA2	157	61	160	0	160	153
MM1	62	154	0	160	0	69
MM2	75	147	69	153	69	0
386Nsremoved_rename_npspace_gb_srt_dist.tab
	CR1	CR2	MA1	MA2	MM1	MM2
CR1	0	268	204	281	189	188
CR2	268	0	308	99	303	302
MA1	204	308	0	310	191	190
MA2	281	99	310	0	310	309
MM1	189	303	191	310	0	1
MM2	188	302	190	309	1	0
387Nsremoved_rename_npspace_gb_srt_dist.tab
	CR1	CR2	MA1	MA2	MM1	MM2
CR1	0	269	270	297	387	387
CR2	269	0	15	456	252	252
MA1	270	15	0	457	245	245
MA2	297	456	457	0	452	452
MM1	387	252	245	452	0	0
MM2	387	252	245	452	0	0
388Nsremoved_rename_npspace_gb_srt_dist.tab
	CR1	CR2	MA1	MA2	MM1	MM2
CR1	0	350	156	352	156	217
CR2	350	0	317	73	317	347
MA1	156	317	0	318	0	164
MA2	352	73	318	0	318	345
MM1	156	317	0	318	0	164
MM2	217	347	164	345	164	0
38Nsremoved_rename_npspace_gb_srt_dist.tab
	CR1	CR2	MA1	MA2	MM1	MM2
CR1	0	171	98	164	98	63
CR2	171	0	188	41	188	179
MA1	98	188	0	181	0	93
MA2	164	41	181	0	181	172
MM1	98	188	0	181	0	93
MM2	63	179	93	172	93	0
391Nsremoved_rename_npspace_gb_modified_srt_dist.tab
	CR1	CR2	MA1	MA2	MM1	MM2
CR1	0	325	232	242	166	169
CR2	325	0	194	206	319	321
MA1	232	194	0	301	137	227
MA2	242	206	301	0	164	223
MM1	166	319	137	164	0	143
MM2	169	321	227	223	143	0
392Nsremoved_rename_npspace_gb_srt_dist.tab
	CR1	CR2	MA1	MA2	MM1	MM2
CR1	0	258	159	227	163	109
CR2	258	0	257	151	248	257
MA1	159	257	0	184	163	152
MA2	227	151	184	0	211	231
MM1	163	248	163	211	0	157
MM2	109	257	152	231	157	0
393Nsremoved_rename_npspace_gb_srt_dist.tab
	CR1	CR2	MA1	MA2	MM1	MM2
CR1	0	349	329	122	343	350
CR2	349	0	174	336	219	203
MA1	329	174	0	317	216	202
MA2	122	336	317	0	331	338
MM1	343	219	216	331	0	203
MM2	350	203	202	338	203	0
394Nsremoved_rename_npspace_gb_srt_dist.tab
	CR1	CR2	MA1	MA2	MM1	MM2
CR1	0	228	211	102	101	118
CR2	228	0	84	224	223	221
MA1	211	84	0	206	206	206
MA2	102	224	206	0	113	110
MM1	101	223	206	113	0	109
MM2	118	221	206	110	109	0
395Nsremoved_rename_npspace_gb_modified_srt_dist.tab
	CR1	CR2	MA1	MA2	MM1	MM2
CR1	0	264	263	48	263	298
CR2	264	0	104	256	104	154
MA1	263	104	0	256	0	143
MA2	48	256	256	0	256	291
MM1	263	104	0	256	0	143
MM2	298	154	143	291	143	0
396Nsremoved_rename_npspace_gb_srt_dist.tab
	CR1	CR2	MA1	MA2	MM1	MM2
CR1	0	276	288	47	288	287
CR2	276	0	121	279	121	132
MA1	288	121	0	293	0	105
MA2	47	279	293	0	293	290
MM1	288	121	0	293	0	105
MM2	287	132	105	290	105	0
397Nsremoved_rename_npspace_gb_srt_dist.tab
	CR1	CR2	MA1	MA2	MM1	MM2
CR1	0	160	106	187	269	254
CR2	160	0	136	223	178	165
MA1	106	136	0	109	210	200
MA2	187	223	109	0	183	181
MM1	269	178	210	183	0	68
MM2	254	165	200	181	68	0
398Nsremoved_rename_npspace_gb_modified_srt_dist.tab
	CR1	CR2	MA1	MA2	MM1	MM2
CR1	0	170	102	171	90	102
CR2	170	0	163	17	171	163
MA1	102	163	0	162	79	0
MA2	171	17	162	0	172	162
MM1	90	171	79	172	0	79
MM2	102	163	0	162	79	0
39Nsremoved_rename_npspace_gb_modified_srt_dist.tab
	CR1	CR2	MA1	MA2	MM1	MM2
CR1	0	258	90	252	90	108
CR2	258	0	258	67	258	263
MA1	90	258	0	257	0	126
MA2	252	67	257	0	257	260
MM1	90	258	0	257	0	126
MM2	108	263	126	260	126	0
400Nsremoved_rename_npspace_gb_srt_dist.tab
	CR1	CR2	MA1	MA2	MM1	MM2
CR1	0	240	80	228	82	80
CR2	240	0	238	69	227	238
MA1	80	238	0	226	95	0
MA2	228	69	226	0	217	226
MM1	82	227	95	217	0	95
MM2	80	238	0	226	95	0
402Nsremoved_rename_npspace_gb_srt_dist.tab
	CR1	CR2	MA1	MA2	MM1	MM2
CR1	0	279	277	274	324	344
CR2	279	0	201	212	194	186
MA1	277	201	0	19	66	229
MA2	274	212	19	0	85	248
MM1	324	194	66	85	0	206
MM2	344	186	229	248	206	0
404Nsremoved_rename_npspace_gb_modified_srt_dist.tab
	CR1	CR2	MA1	MA2	MM1	MM2
CR1	0	142	52	183	36	85
CR2	142	0	150	117	134	157
MA1	52	150	0	171	16	77
MA2	183	117	171	0	187	194
MM1	36	134	16	187	0	71
MM2	85	157	77	194	71	0
407Nsremoved_rename_npspace_gb_srt_dist.tab
	CR1	CR2	MA1	MA2	MM1	MM2
CR1	0	151	284	126	121	126
CR2	151	0	199	187	170	187
MA1	284	199	0	296	284	296
MA2	126	187	296	0	92	0
MM1	121	170	284	92	0	92
MM2	126	187	296	0	92	0
408Nsremoved_rename_npspace_gb_srt_dist.tab
	CR1	CR2	MA1	MA2	MM1	MM2
CR1	0	277	56	251	251	238
CR2	277	0	278	127	127	127
MA1	56	278	0	251	251	239
MA2	251	127	251	0	0	95
MM1	251	127	251	0	0	95
MM2	238	127	239	95	95	0
409Nsremoved_rename_npspace_gb_srt_dist.tab
	CR1	CR2	MA1	MA2	MM1	MM2
CR1	0	288	278	94	294	293
CR2	288	0	128	294	124	130
MA1	278	128	0	282	116	131
MA2	94	294	282	0	299	298
MM1	294	124	116	299	0	116
MM2	293	130	131	298	116	0
40Nsremoved_rename_npspace_gb_srt_dist.tab
	CR1	CR2	MA1	MA2	MM1	MM2
CR1	0	164	133	121	28	79
CR2	164	0	55	71	158	157
MA1	133	55	0	20	117	128
MA2	121	71	20	0	103	124
MM1	28	158	117	103	0	79
MM2	79	157	128	124	79	0
410Nsremoved_rename_npspace_gb_srt_dist.tab
	CR1	CR2	MA1	MA2	MM1	MM2
CR1	0	228	377	77	350	368
CR2	228	0	257	251	256	259
MA1	377	257	0	368	165	196
MA2	77	251	368	0	339	361
MM1	350	256	165	339	0	185
MM2	368	259	196	361	185	0
413Nsremoved_rename_npspace_gb_srt_dist.tab
	CR1	CR2	MA1	MA2	MM1	MM2
CR1	0	173	167	75	176	182
CR2	173	0	90	178	64	84
MA1	167	90	0	179	92	111
MA2	75	178	179	0	181	187
MM1	176	64	92	181	0	93
MM2	182	84	111	187	93	0
414Nsremoved_rename_npspace_gb_modified_srt_dist.tab
	CR1	CR2	MA1	MA2	MM1	MM2
CR1	0	125	54	128	141	128
CR2	125	0	135	52	79	52
MA1	54	135	0	137	150	137
MA2	128	52	137	0	86	0
MM1	141	79	150	86	0	86
MM2	128	52	137	0	86	0
417Nsremoved_rename_npspace_gb_srt_dist.tab
	CR1	CR2	MA1	MA2	MM1	MM2
CR1	0	184	173	51	66	51
CR2	184	0	31	190	197	190
MA1	173	31	0	179	186	179
MA2	51	190	179	0	67	0
MM1	66	197	186	67	0	67
MM2	51	190	179	0	67	0
418Nsremoved_rename_npspace_gb_srt_dist.tab
	CR1	CR2	MA1	MA2	MM1	MM2
CR1	0	220	105	211	135	127
CR2	220	0	231	70	233	237
MA1	105	231	0	225	153	128
MA2	211	70	225	0	229	226
MM1	135	233	153	229	0	145
MM2	127	237	128	226	145	0
422Nsremoved_rename_npspace_gb_srt_dist.tab
	CR1	CR2	MA1	MA2	MM1	MM2
CR1	0	292	136	295	174	141
CR2	292	0	311	68	309	305
MA1	136	311	0	314	134	97
MA2	295	68	314	0	312	310
MM1	174	309	134	312	0	130
MM2	141	305	97	310	130	0
424Nsremoved_rename_npspace_gb_srt_dist.tab
	CR1	CR2	MA1	MA2	MM1	MM2
CR1	0	295	189	253	145	139
CR2	295	0	316	159	313	298
MA1	189	316	0	211	174	176
MA2	253	159	211	0	257	245
MM1	145	313	174	257	0	131
MM2	139	298	176	245	131	0
427Nsremoved_rename_npspace_gb_modified_srt_dist.tab
	CR1	CR2	MA1	MA2	MM1	MM2
CR1	0	296	152	286	150	150
CR2	296	0	281	114	293	293
MA1	152	281	0	278	132	130
MA2	286	114	278	0	287	287
MM1	150	293	132	287	0	2
MM2	150	293	130	287	2	0
428Nsremoved_rename_npspace_gb_srt_dist.tab
	CR1	CR2	MA1	MA2	MM1	MM2
CR1	0	304	303	33	163	27
CR2	304	0	33	304	292	306
MA1	303	33	0	303	293	305
MA2	33	304	303	0	158	10
MM1	163	292	293	158	0	164
MM2	27	306	305	10	164	0
429Nsremoved_rename_npspace_gb_srt_dist.tab
	CR1	CR2	MA1	MA2	MM1	MM2
CR1	0	276	275	90	280	280
CR2	276	0	128	286	142	142
MA1	275	128	0	282	153	153
MA2	90	286	282	0	286	286
MM1	280	142	153	286	0	0
MM2	280	142	153	286	0	0
42Nsremoved_rename_npspace_gb_srt_dist.tab
	CR1	CR2	MA1	MA2	MM1	MM2
CR1	0	239	167	173	95	98
CR2	239	0	150	194	234	243
MA1	167	150	0	136	126	169
MA2	173	194	136	0	124	184
MM1	95	234	126	124	0	106
MM2	98	243	169	184	106	0
432Nsremoved_rename_npspace_gb_srt_dist.tab
	CR1	CR2	MA1	MA2	MM1	MM2
CR1	0	112	102	58	32	41
CR2	112	0	34	88	116	117
MA1	102	34	0	96	104	99
MA2	58	88	96	0	54	33
MM1	32	116	104	54	0	33
MM2	41	117	99	33	33	0
433Nsremoved_rename_npspace_gb_srt_dist.tab
	CR1	CR2	MA1	MA2	MM1	MM2
CR1	0	172	80	172	98	80
CR2	172	0	172	0	203	172
MA1	80	172	0	172	100	0
MA2	172	0	172	0	203	172
MM1	98	203	100	203	0	100
MM2	80	172	0	172	100	0
435Nsremoved_rename_npspace_gb_srt_dist.tab
	CR1	CR2	MA1	MA2	MM1	MM2
CR1	0	633	625	176	620	625
CR2	633	0	299	639	320	299
MA1	625	299	0	634	314	0
MA2	176	639	634	0	630	634
MM1	620	320	314	630	0	314
MM2	625	299	0	634	314	0
436Nsremoved_rename_npspace_gb_modified_srt_dist.tab
	CR1	CR2	MA1	MA2	MM1	MM2
CR1	0	228	220	45	210	225
CR2	228	0	129	223	116	127
MA1	220	129	0	217	111	128
MA2	45	223	217	0	205	220
MM1	210	116	111	205	0	100
MM2	225	127	128	220	100	0
437Nsremoved_rename_npspace_gb_srt_dist.tab
	CR1	CR2	MA1	MA2	MM1	MM2
CR1	0	243	156	97	245	244
CR2	243	0	165	208	99	117
MA1	156	165	0	119	129	179
MA2	97	208	119	0	180	210
MM1	245	99	129	180	0	111
MM2	244	117	179	210	111	0
441Nsremoved_rename_npspace_gb_srt_dist.tab
	CR1	CR2	MA1	MA2	MM1	MM2
CR1	0	246	134	115	114	104
CR2	246	0	182	199	235	235
MA1	134	182	0	35	77	97
MA2	115	199	35	0	42	78
MM1	114	235	77	42	0	63
MM2	104	235	97	78	63	0
442Nsremoved_rename_npspace_gb_srt_dist.tab
	CR1	CR2	MA1	MA2	MM1	MM2
CR1	0	293	289	239	186	175
CR2	293	0	42	194	304	304
MA1	289	42	0	172	302	282
MA2	239	194	172	0	264	110
MM1	186	304	302	264	0	219
MM2	175	304	282	110	219	0
445Nsremoved_rename_npspace_gb_srt_dist.tab
	CR1	CR2	MA1	MA2	MM1	MM2
CR1	0	338	198	344	197	221
CR2	338	0	292	52	301	297
MA1	198	292	0	298	184	176
MA2	344	52	298	0	309	299
MM1	197	301	184	309	0	164
MM2	221	297	176	299	164	0
447Nsremoved_rename_npspace_gb_modified_srt_dist.tab
	CR1	CR2	MA1	MA2	MM1	MM2
CR1	0	346	110	346	144	111
CR2	346	0	330	0	341	341
MA1	110	330	0	330	139	113
MA2	346	0	330	0	341	341
MM1	144	341	139	341	0	126
MM2	111	341	113	341	126	0
448Nsremoved_rename_npspace_gb_srt_dist.tab
	CR1	CR2	MA1	MA2	MM1	MM2
CR1	0	259	240	123	242	240
CR2	259	0	120	238	106	120
MA1	240	120	0	215	95	0
MA2	123	238	215	0	220	215
MM1	242	106	95	220	0	95
MM2	240	120	0	215	95	0
44Nsremoved_rename_npspace_gb_srt_dist.tab
	CR1	CR2	MA1	MA2	MM1	MM2
CR1	0	192	87	196	117	87
CR2	192	0	198	20	197	198
MA1	87	198	0	202	98	0
MA2	196	20	202	0	201	202
MM1	117	197	98	201	0	98
MM2	87	198	0	202	98	0
452Nsremoved_rename_npspace_gb_srt_dist.tab
	CR1	CR2	MA1	MA2	MM1	MM2
CR1	0	164	166	105	105	88
CR2	164	0	21	169	169	143
MA1	166	21	0	170	170	144
MA2	105	169	170	0	0	99
MM1	105	169	170	0	0	99
MM2	88	143	144	99	99	0
453Nsremoved_rename_npspace_gb_srt_dist.tab
	CR1	CR2	MA1	MA2	MM1	MM2
CR1	0	342	237	349	225	219
CR2	342	0	309	54	333	314
MA1	237	309	0	316	263	248
MA2	349	54	316	0	339	322
MM1	225	333	263	339	0	159
MM2	219	314	248	322	159	0
454Nsremoved_rename_npspace_gb_modified_srt_dist.tab
	CR1	CR2	MA1	MA2	MM1	MM2
CR1	0	205	120	215	114	120
CR2	205	0	250	53	245	250
MA1	120	250	0	254	103	0
MA2	215	53	254	0	252	254
MM1	114	245	103	252	0	103
MM2	120	250	0	254	103	0
456Nsremoved_rename_npspace_gb_srt_dist.tab
	CR1	CR2	MA1	MA2	MM1	MM2
CR1	0	230	143	252	143	127
CR2	230	0	205	97	205	201
MA1	143	205	0	226	0	134
MA2	252	97	226	0	226	223
MM1	143	205	0	226	0	134
MM2	127	201	134	223	134	0
457Nsremoved_rename_npspace_gb_srt_dist.tab
	CR1	CR2	MA1	MA2	MM1	MM2
CR1	0	124	59	90	82	90
CR2	124	0	83	74	88	74
MA1	59	83	0	112	121	112
MA2	90	74	112	0	44	0
MM1	82	88	121	44	0	44
MM2	90	74	112	0	44	0
458Nsremoved_rename_npspace_gb_srt_dist.tab
	CR1	CR2	MA1	MA2	MM1	MM2
CR1	0	321	308	88	310	308
CR2	321	0	122	329	129	122
MA1	308	122	0	318	65	0
MA2	88	329	318	0	320	318
MM1	310	129	65	320	0	65
MM2	308	122	0	318	65	0
459Nsremoved_rename_npspace_gb_srt_dist.tab
	CR1	CR2	MA1	MA2	MM1	MM2
CR1	0	283	151	274	161	141
CR2	283	0	270	53	287	287
MA1	151	270	0	263	189	138
MA2	274	53	263	0	281	277
MM1	161	287	189	281	0	191
MM2	141	287	138	277	191	0
461Nsremoved_rename_npspace_gb_modified_srt_dist.tab
	CR1	CR2	MA1	MA2	MM1	MM2
CR1	0	257	113	259	107	124
CR2	257	0	236	36	264	259
MA1	113	236	0	236	28	131
MA2	259	36	236	0	264	259
MM1	107	264	28	264	0	103
MM2	124	259	131	259	103	0
462Nsremoved_rename_npspace_gb_srt_dist.tab
	CR1	CR2	MA1	MA2	MM1	MM2
CR1	0	322	282	132	292	293
CR2	322	0	150	318	133	141
MA1	282	150	0	281	132	124
MA2	132	318	281	0	286	284
MM1	292	133	132	286	0	148
MM2	293	141	124	284	148	0
464Nsremoved_rename_npspace_gb_srt_dist.tab
	CR1	CR2	MA1	MA2	MM1	MM2
CR1	0	218	214	88	218	226
CR2	218	0	87	237	0	68
MA1	214	87	0	228	87	19
MA2	88	237	228	0	237	247
MM1	218	0	87	237	0	68
MM2	226	68	19	247	68	0
465Nsremoved_rename_npspace_gb_srt_dist.tab
	CR1	CR2	MA1	MA2	MM1	MM2
CR1	0	221	216	76	76	85
CR2	221	0	49	217	217	209
MA1	216	49	0	211	211	204
MA2	76	217	211	0	0	83
MM1	76	217	211	0	0	83
MM2	85	209	204	83	83	0
467Nsremoved_rename_npspace_gb_srt_dist.tab
	CR1	CR2	MA1	MA2	MM1	MM2
CR1	0	179	134	161	107	106
CR2	179	0	135	80	209	215
MA1	134	135	0	83	154	158
MA2	161	80	83	0	198	201
MM1	107	209	154	198	0	61
MM2	106	215	158	201	61	0
46Nsremoved_rename_npspace_gb_modified_srt_dist.tab
	CR1	CR2	MA1	MA2	MM1	MM2
CR1	0	204	60	202	211	202
CR2	204	0	214	104	101	104
MA1	60	214	0	213	221	213
MA2	202	104	213	0	83	0
MM1	211	101	221	83	0	83
MM2	202	104	213	0	83	0
472Nsremoved_rename_npspace_gb_srt_dist.tab
	CR1	CR2	MA1	MA2	MM1	MM2
CR1	0	262	250	124	124	129
CR2	262	0	68	260	260	262
MA1	250	68	0	247	247	251
MA2	124	260	247	0	0	149
MM1	124	260	247	0	0	149
MM2	129	262	251	149	149	0
473Nsremoved_rename_npspace_gb_modified_srt_dist.tab
	CR1	CR2	MA1	MA2	MM1	MM2
CR1	0	102	101	6	99	96
CR2	102	0	33	100	19	24
MA1	101	33	0	99	28	23
MA2	6	100	99	0	97	94
MM1	99	19	28	97	0	9
MM2	96	24	23	94	9	0
475Nsremoved_rename_npspace_gb_srt_dist.tab
	CR1	CR2	MA1	MA2	MM1	MM2
CR1	0	100	34	178	180	189
CR2	100	0	126	118	118	133
MA1	34	126	0	185	187	196
MA2	178	118	185	0	6	63
MM1	180	118	187	6	0	67
MM2	189	133	196	63	67	0
476Nsremoved_rename_npspace_gb_srt_dist.tab
	CR1	CR2	MA1	MA2	MM1	MM2
CR1	0	239	154	241	174	167
CR2	239	0	290	95	287	257
MA1	154	290	0	285	174	181
MA2	241	95	285	0	280	250
MM1	174	287	174	280	0	156
MM2	167	257	181	250	156	0
477Nsremoved_rename_npspace_gb_srt_dist.tab
	CR1	CR2	MA1	MA2	MM1	MM2
CR1	0	284	132	261	139	128
CR2	284	0	280	109	266	292
MA1	132	280	0	224	138	119
MA2	261	109	224	0	259	247
MM1	139	266	138	259	0	155
MM2	128	292	119	247	155	0
478Nsremoved_rename_npspace_gb_modified_srt_dist.tab
	CR1	CR2	MA1	MA2	MM1	MM2
CR1	0	401	394	158	394	393
CR2	401	0	166	410	166	144
MA1	394	166	0	399	0	125
MA2	158	410	399	0	399	400
MM1	394	166	0	399	0	125
MM2	393	144	125	400	125	0
47Nsremoved_rename_npspace_gb_srt_dist.tab
	CR1	CR2	MA1	MA2	MM1	MM2
CR1	0	266	275	151	80	151
CR2	266	0	82	290	272	290
MA1	275	82	0	298	279	298
MA2	151	290	298	0	154	0
MM1	80	272	279	154	0	154
MM2	151	290	298	0	154	0
480Nsremoved_rename_npspace_gb_modified_srt_dist.tab
	CR1	CR2	MA1	MA2	MM1	MM2
CR1	0	75	20	76	18	20
CR2	75	0	72	19	74	72
MA1	20	72	0	73	26	0
MA2	76	19	73	0	74	73
MM1	18	74	26	74	0	26
MM2	20	72	0	73	26	0
481Nsremoved_rename_npspace_gb_srt_dist.tab
	CR1	CR2	MA1	MA2	MM1	MM2
CR1	0	149	348	206	373	348
CR2	149	0	298	330	320	298
MA1	348	298	0	416	244	0
MA2	206	330	416	0	438	416
MM1	373	320	244	438	0	244
MM2	348	298	0	416	244	0
482Nsremoved_rename_npspace_gb_srt_dist.tab
	CR1	CR2	MA1	MA2	MM1	MM2
CR1	0	372	326	383	326	305
CR2	372	0	444	206	449	444
MA1	326	444	0	439	221	33
MA2	383	206	439	0	438	439
MM1	326	449	221	438	0	188
MM2	305	444	33	439	188	0
483Nsremoved_rename_npspace_gb_srt_dist.tab
	CR1	CR2	MA1	MA2	MM1	MM2
CR1	0	140	159	92	166	159
CR2	140	0	81	188	92	81
MA1	159	81	0	203	87	0
MA2	92	188	203	0	206	203
MM1	166	92	87	206	0	87
MM2	159	81	0	203	87	0
484Nsremoved_rename_npspace_gb_srt_dist.tab
	CR1	CR2	MA1	MA2	MM1	MM2
CR1	0	128	36	124	36	32
CR2	128	0	129	32	129	127
MA1	36	129	0	125	0	40
MA2	124	32	125	0	125	125
MM1	36	129	0	125	0	40
MM2	32	127	40	125	40	0
485Nsremoved_rename_npspace_gb_srt_dist.tab
	CR1	CR2	MA1	MA2	MM1	MM2
CR1	0	184	95	187	199	187
CR2	184	0	193	78	90	78
MA1	95	193	0	198	203	198
MA2	187	78	198	0	106	0
MM1	199	90	203	106	0	106
MM2	187	78	198	0	106	0
486Nsremoved_rename_npspace_gb_srt_dist.tab
	CR1	CR2	MA1	MA2	MM1	MM2
CR1	0	265	322	199	325	312
CR2	265	0	166	358	179	177
MA1	322	166	0	363	195	201
MA2	199	358	363	0	340	345
MM1	325	179	195	340	0	186
MM2	312	177	201	345	186	0
487Nsremoved_rename_npspace_gb_srt_dist.tab
	CR1	CR2	MA1	MA2	MM1	MM2
CR1	0	310	227	256	148	190
CR2	310	0	256	212	303	308
MA1	227	256	0	58	221	206
MA2	256	212	58	0	258	243
MM1	148	303	221	258	0	184
MM2	190	308	206	243	184	0
488Nsremoved_rename_npspace_gb_modified_srt_dist.tab
	CR1	CR2	MA1	MA2	MM1	MM2
CR1	0	331	185	316	185	188
CR2	331	0	303	111	303	306
MA1	185	303	0	271	0	3
MA2	316	111	271	0	271	274
MM1	185	303	0	271	0	3
MM2	188	306	3	274	3	0
491Nsremoved_rename_npspace_gb_srt_dist.tab
	CR1	CR2	MA1	MA2	MM1	MM2
CR1	0	246	220	107	248	253
CR2	246	0	127	235	98	112
MA1	220	127	0	209	29	117
MA2	107	235	209	0	237	238
MM1	248	98	29	237	0	89
MM2	253	112	117	238	89	0
492Nsremoved_rename_npspace_gb_srt_dist.tab
	CR1	CR2	MA1	MA2	MM1	MM2
CR1	0	290	169	276	163	179
CR2	290	0	285	85	290	279
MA1	169	285	0	275	128	169
MA2	276	85	275	0	281	274
MM1	163	290	128	281	0	208
MM2	179	279	169	274	208	0
493Nsremoved_rename_npspace_gb_srt_dist.tab
	CR1	CR2	MA1	MA2	MM1	MM2
CR1	0	135	102	143	164	102
CR2	135	0	217	68	218	217
MA1	102	217	0	233	135	0
MA2	143	68	233	0	232	233
MM1	164	218	135	232	0	135
MM2	102	217	0	233	135	0
494Nsremoved_rename_npspace_gb_srt_dist.tab
	CR1	CR2	MA1	MA2	MM1	MM2
CR1	0	263	119	214	119	155
CR2	263	0	272	164	272	276
MA1	119	272	0	169	0	141
MA2	214	164	169	0	169	205
MM1	119	272	0	169	0	141
MM2	155	276	141	205	141	0
496Nsremoved_rename_npspace_gb_srt_dist.tab
	CR1	CR2	MA1	MA2	MM1	MM2
CR1	0	77	238	427	434	457
CR2	77	0	207	470	458	485
MA1	238	207	0	478	455	488
MA2	427	470	478	0	282	248
MM1	434	458	455	282	0	272
MM2	457	485	488	248	272	0
49Nsremoved_rename_npspace_gb_srt_dist.tab
	CR1	CR2	MA1	MA2	MM1	MM2
CR1	0	71	122	150	43	90
CR2	71	0	145	98	114	135
MA1	122	145	0	177	89	63
MA2	150	98	177	0	185	174
MM1	43	114	89	185	0	65
MM2	90	135	63	174	65	0
500Nsremoved_rename_npspace_gb_srt_dist.tab
	CR1	CR2	MA1	MA2	MM1	MM2
CR1	0	0	158	211	158	102
CR2	0	0	158	211	158	102
MA1	158	158	0	222	0	147
MA2	211	211	222	0	222	209
MM1	158	158	0	222	0	147
MM2	102	102	147	209	147	0
501Nsremoved_rename_npspace_gb_srt_dist.tab
	CR1	CR2	MA1	MA2	MM1	MM2
CR1	0	324	132	329	102	134
CR2	324	0	332	73	314	327
MA1	132	332	0	337	126	142
MA2	329	73	337	0	321	332
MM1	102	314	126	321	0	126
MM2	134	327	142	332	126	0
502Nsremoved_rename_npspace_gb_srt_dist.tab
	CR1	CR2	MA1	MA2	MM1	MM2
CR1	0	211	214	49	211	214
CR2	211	0	95	205	66	95
MA1	214	95	0	208	105	0
MA2	49	205	208	0	205	208
MM1	211	66	105	205	0	105
MM2	214	95	0	208	105	0
503Nsremoved_rename_npspace_gb_srt_dist.tab
	CR1	CR2	MA1	MA2	MM1	MM2
CR1	0	254	12	165	12	96
CR2	254	0	250	125	250	266
MA1	12	250	0	161	0	96
MA2	165	125	161	0	161	205
MM1	12	250	0	161	0	96
MM2	96	266	96	205	96	0
505Nsremoved_rename_npspace_gb_srt_dist.tab
	CR1	CR2	MA1	MA2	MM1	MM2
CR1	0	283	261	82	261	292
CR2	283	0	144	288	144	129
MA1	261	144	0	266	0	129
MA2	82	288	266	0	266	294
MM1	261	144	0	266	0	129
MM2	292	129	129	294	129	0
507Nsremoved_rename_npspace_gb_srt_dist.tab
	CR1	CR2	MA1	MA2	MM1	MM2
CR1	0	1	237	237	252	218
CR2	1	0	238	238	251	219
MA1	237	238	0	0	227	216
MA2	237	238	0	0	227	216
MM1	252	251	227	227	0	235
MM2	218	219	216	216	235	0
50Nsremoved_rename_npspace_gb_srt_dist.tab
	CR1	CR2	MA1	MA2	MM1	MM2
CR1	0	607	627	300	658	628
CR2	607	0	366	589	393	382
MA1	627	366	0	572	452	392
MA2	300	589	572	0	640	619
MM1	658	393	452	640	0	380
MM2	628	382	392	619	380	0
510Nsremoved_rename_npspace_gb_srt_dist.tab
	CR1	CR2	MA1	MA2	MM1	MM2
CR1	0	375	211	368	154	238
CR2	375	0	376	45	370	381
MA1	211	376	0	369	139	177
MA2	368	45	369	0	365	376
MM1	154	370	139	365	0	212
MM2	238	381	177	376	212	0
511Nsremoved_rename_npspace_gb_srt_dist.tab
	CR1	CR2	MA1	MA2	MM1	MM2
CR1	0	184	64	189	63	56
CR2	184	0	174	19	187	178
MA1	64	174	0	179	51	60
MA2	189	19	179	0	192	183
MM1	63	187	51	192	0	59
MM2	56	178	60	183	59	0
512Nsremoved_rename_npspace_gb_srt_dist.tab
	CR1	CR2	MA1	MA2	MM1	MM2
CR1	0	356	280	295	201	210
CR2	356	0	329	219	375	362
MA1	280	329	0	203	272	109
MA2	295	219	203	0	306	202
MM1	201	375	272	306	0	195
MM2	210	362	109	202	195	0
514Nsremoved_rename_npspace_gb_srt_dist.tab
	CR1	CR2	MA1	MA2	MM1	MM2
CR1	0	99	95	6	2451	2452
CR2	99	0	44	97	2444	2445
MA1	95	44	0	93	2452	2453
MA2	6	97	93	0	2451	2452
MM1	2451	2444	2452	2451	0	54
MM2	2452	2445	2453	2452	54	0
515Nsremoved_rename_npspace_gb_srt_dist.tab
	CR1	CR2	MA1	MA2	MM1	MM2
CR1	0	258	76	255	153	149
CR2	258	0	261	74	290	269
MA1	76	261	0	259	161	163
MA2	255	74	259	0	295	264
MM1	153	290	161	295	0	172
MM2	149	269	163	264	172	0
516Nsremoved_rename_npspace_gb_srt_dist.tab
	CR1	CR2	MA1	MA2	MM1	MM2
CR1	0	128	55	114	56	52
CR2	128	0	132	40	133	138
MA1	55	132	0	118	1	59
MA2	114	40	118	0	119	124
MM1	56	133	1	119	0	58
MM2	52	138	59	124	58	0
517Nsremoved_rename_npspace_gb_srt_dist.tab
	CR1	CR2	MA1	MA2	MM1	MM2
CR1	0	248	118	240	0	132
CR2	248	0	249	87	248	255
MA1	118	249	0	240	118	114
MA2	240	87	240	0	240	244
MM1	0	248	118	240	0	132
MM2	132	255	114	244	132	0
519Nsremoved_rename_npspace_gb_srt_dist.tab
	CR1	CR2	MA1	MA2	MM1	MM2
CR1	0	271	228	177	172	52
CR2	271	0	185	282	283	264
MA1	228	185	0	132	212	200
MA2	177	282	132	0	167	159
MM1	172	283	212	167	0	153
MM2	52	264	200	159	153	0
51Nsremoved_rename_npspace_gb_srt_dist.tab
	CR1	CR2	MA1	MA2	MM1	MM2
CR1	0	107	31	105	34	40
CR2	107	0	98	49	105	93
MA1	31	98	0	97	40	36
MA2	105	49	97	0	102	102
MM1	34	105	40	102	0	44
MM2	40	93	36	102	44	0
520Nsremoved_rename_npspace_gb_srt_dist.tab
	CR1	CR2	MA1	MA2	MM1	MM2
CR1	0	445	186	445	186	361
CR2	445	0	421	0	421	499
MA1	186	421	0	421	0	327
MA2	445	0	421	0	421	499
MM1	186	421	0	421	0	327
MM2	361	499	327	499	327	0
521Nsremoved_rename_npspace_gb_srt_dist.tab
	CR1	CR2	MA1	MA2	MM1	MM2
CR1	0	175	173	52	174	173
CR2	175	0	79	177	1	79
MA1	173	79	0	176	78	0
MA2	52	177	176	0	176	176
MM1	174	1	78	176	0	78
MM2	173	79	0	176	78	0
522Nsremoved_rename_npspace_gb_srt_dist.tab
	CR1	CR2	MA1	MA2	MM1	MM2
CR1	0	164	75	163	75	68
CR2	164	0	155	19	155	167
MA1	75	155	0	154	0	49
MA2	163	19	154	0	154	166
MM1	75	155	0	154	0	49
MM2	68	167	49	166	49	0
524Nsremoved_rename_npspace_gb_srt_dist.tab
	CR1	CR2	MA1	MA2	MM1	MM2
CR1	0	213	124	205	59	124
CR2	213	0	212	34	225	212
MA1	124	212	0	204	118	0
MA2	205	34	204	0	217	204
MM1	59	225	118	217	0	118
MM2	124	212	0	204	118	0
525Nsremoved_rename_npspace_gb_srt_dist.tab
	CR1	CR2	MA1	MA2	MM1	MM2
CR1	0	135	421	193	202	158
CR2	135	0	337	276	285	264
MA1	421	337	0	403	410	413
MA2	193	276	403	0	189	208
MM1	202	285	410	189	0	176
MM2	158	264	413	208	176	0
526Nsremoved_rename_npspace_gb_modified_srt_dist.tab
	CR1	CR2	MA1	MA2	MM1	MM2
CR1	0	78	93	64	64	46
CR2	78	0	55	98	98	78
MA1	93	55	0	107	107	89
MA2	64	98	107	0	0	60
MM1	64	98	107	0	0	60
MM2	46	78	89	60	60	0
527Nsremoved_rename_npspace_gb_srt_dist.tab
	CR1	CR2	MA1	MA2	MM1	MM2
CR1	0	234	219	141	144	123
CR2	234	0	88	246	253	241
MA1	219	88	0	236	242	227
MA2	141	246	236	0	142	151
MM1	144	253	242	142	0	129
MM2	123	241	227	151	129	0
529Nsremoved_rename_npspace_gb_srt_dist.tab
	CR1	CR2	MA1	MA2	MM1	MM2
CR1	0	258	278	81	274	277
CR2	258	0	157	252	174	167
MA1	278	157	0	271	151	183
MA2	81	252	271	0	268	271
MM1	274	174	151	268	0	151
MM2	277	167	183	271	151	0
52Nsremoved_rename_npspace_gb_srt_dist.tab
	CR1	CR2	MA1	MA2	MM1	MM2
CR1	0	85	87	30	33	30
CR2	85	0	21	83	86	83
MA1	87	21	0	85	88	85
MA2	30	83	85	0	23	0
MM1	33	86	88	23	0	23
MM2	30	83	85	0	23	0
530Nsremoved_rename_npspace_gb_srt_dist.tab
	CR1	CR2	MA1	MA2	MM1	MM2
CR1	0	190	65	213	202	211
CR2	190	0	193	75	77	86
MA1	65	193	0	216	202	205
MA2	213	75	216	0	98	104
MM1	202	77	202	98	0	33
MM2	211	86	205	104	33	0
53Nsremoved_rename_npspace_gb_srt_dist.tab
	CR1	CR2	MA1	MA2	MM1	MM2
CR1	0	368	174	384	173	136
CR2	368	0	372	81	333	365
MA1	174	372	0	385	196	83
MA2	384	81	385	0	348	380
MM1	173	333	196	348	0	113
MM2	136	365	83	380	113	0
54Nsremoved_rename_npspace_gb_srt_dist.tab
	CR1	CR2	MA1	MA2	MM1	MM2
CR1	0	414	439	135	437	443
CR2	414	0	249	413	256	250
MA1	439	249	0	433	273	187
MA2	135	413	433	0	435	440
MM1	437	256	273	435	0	260
MM2	443	250	187	440	260	0
55Nsremoved_rename_npspace_gb_srt_dist.tab
	CR1	CR2	MA1	MA2	MM1	MM2
CR1	0	174	75	167	62	55
CR2	174	0	177	53	175	160
MA1	75	177	0	170	72	52
MA2	167	53	170	0	168	153
MM1	62	175	72	168	0	53
MM2	55	160	52	153	53	0
57Nsremoved_rename_npspace_gb_srt_dist.tab
	CR1	CR2	MA1	MA2	MM1	MM2
CR1	0	221	99	224	99	101
CR2	221	0	206	74	206	202
MA1	99	206	0	206	0	88
MA2	224	74	206	0	206	205
MM1	99	206	0	206	0	88
MM2	101	202	88	205	88	0
64Nsremoved_rename_npspace_gb_srt_dist.tab
	CR1	CR2	MA1	MA2	MM1	MM2
CR1	0	5	207	151	220	230
CR2	5	0	212	146	225	235
MA1	207	212	0	248	136	139
MA2	151	146	248	0	251	264
MM1	220	225	136	251	0	128
MM2	230	235	139	264	128	0
65Nsremoved_rename_npspace_gb_modified_srt_dist.tab
	CR1	CR2	MA1	MA2	MM1	MM2
CR1	0	319	228	328	186	197
CR2	319	0	316	140	318	321
MA1	228	316	0	323	176	135
MA2	328	140	323	0	325	330
MM1	186	318	176	325	0	162
MM2	197	321	135	330	162	0
66Nsremoved_rename_npspace_gb_srt_dist.tab
	CR1	CR2	MA1	MA2	MM1	MM2
CR1	0	244	88	248	88	81
CR2	244	0	237	61	237	244
MA1	88	237	0	242	0	88
MA2	248	61	242	0	242	247
MM1	88	237	0	242	0	88
MM2	81	244	88	247	88	0
68Nsremoved_rename_npspace_gb_srt_dist.tab
	CR1	CR2	MA1	MA2	MM1	MM2
CR1	0	274	265	74	259	265
CR2	274	0	88	265	82	88
MA1	265	88	0	258	39	0
MA2	74	265	258	0	254	258
MM1	259	82	39	254	0	39
MM2	265	88	0	258	39	0
6Nsremoved_rename_npspace_gb_srt_dist.tab
	CR1	CR2	MA1	MA2	MM1	MM2
CR1	0	330	90	350	358	350
CR2	330	0	320	269	83	269
MA1	90	320	0	343	348	343
MA2	350	269	343	0	261	0
MM1	358	83	348	261	0	261
MM2	350	269	343	0	261	0
70Nsremoved_rename_npspace_gb_srt_dist.tab
	CR1	CR2	MA1	MA2	MM1	MM2
CR1	0	200	204	129	129	119
CR2	200	0	39	181	181	171
MA1	204	39	0	187	187	175
MA2	129	181	187	0	0	78
MM1	129	181	187	0	0	78
MM2	119	171	175	78	78	0
71Nsremoved_rename_npspace_gb_srt_dist.tab
	CR1	CR2	MA1	MA2	MM1	MM2
CR1	0	307	145	299	134	126
CR2	307	0	305	101	309	299
MA1	145	305	0	297	146	123
MA2	299	101	297	0	295	288
MM1	134	309	146	295	0	127
MM2	126	299	123	288	127	0
72Nsremoved_rename_npspace_gb_srt_dist.tab
	CR1	CR2	MA1	MA2	MM1	MM2
CR1	0	292	273	139	79	139
CR2	292	0	84	313	307	313
MA1	273	84	0	296	288	296
MA2	139	313	296	0	120	0
MM1	79	307	288	120	0	120
MM2	139	313	296	0	120	0
73Nsremoved_rename_npspace_gb_srt_dist.tab
	CR1	CR2	MA1	MA2	MM1	MM2
CR1	0	370	203	370	191	243
CR2	370	0	369	0	383	378
MA1	203	369	0	369	197	233
MA2	370	0	369	0	383	378
MM1	191	383	197	383	0	245
MM2	243	378	233	378	245	0
75Nsremoved_rename_npspace_gb_srt_dist.tab
	CR1	CR2	MA1	MA2	MM1	MM2
CR1	0	203	47	199	199	182
CR2	203	0	200	75	75	74
MA1	47	200	0	194	194	177
MA2	199	75	194	0	0	73
MM1	199	75	194	0	0	73
MM2	182	74	177	73	73	0
76Nsremoved_rename_npspace_gb_modified_srt_dist.tab
	CR1	CR2	MA1	MA2	MM1	MM2
CR1	0	229	143	225	110	143
CR2	229	0	212	31	230	212
MA1	143	212	0	209	140	0
MA2	225	31	209	0	226	209
MM1	110	230	140	226	0	140
MM2	143	212	0	209	140	0
77Nsremoved_rename_npspace_gb_srt_dist.tab
	CR1	CR2	MA1	MA2	MM1	MM2
CR1	0	109	310	191	226	191
CR2	109	0	213	229	274	229
MA1	310	213	0	327	342	327
MA2	191	229	327	0	196	0
MM1	226	274	342	196	0	196
MM2	191	229	327	0	196	0
78Nsremoved_rename_npspace_gb_srt_dist.tab
	CR1	CR2	MA1	MA2	MM1	MM2
CR1	0	367	191	326	191	220
CR2	367	0	373	102	373	400
MA1	191	373	0	339	0	233
MA2	326	102	339	0	339	383
MM1	191	373	0	339	0	233
MM2	220	400	233	383	233	0
79Nsremoved_rename_npspace_gb_srt_dist.tab
	CR1	CR2	MA1	MA2	MM1	MM2
CR1	0	180	104	177	82	87
CR2	180	0	183	7	182	167
MA1	104	183	0	180	80	94
MA2	177	7	180	0	179	164
MM1	82	182	80	179	0	91
MM2	87	167	94	164	91	0
7Nsremoved_rename_npspace_gb_modified_srt_dist.tab
	CR1	CR2	MA1	MA2	MM1	MM2
CR1	0	214	97	219	97	77
CR2	214	0	228	39	228	234
MA1	97	228	0	232	0	88
MA2	219	39	232	0	232	239
MM1	97	228	0	232	0	88
MM2	77	234	88	239	88	0
81Nsremoved_rename_npspace_gb_srt_dist.tab
	CR1	CR2	MA1	MA2	MM1	MM2
CR1	0	338	184	375	184	152
CR2	338	0	364	71	364	368
MA1	184	364	0	401	0	154
MA2	375	71	401	0	401	405
MM1	184	364	0	401	0	154
MM2	152	368	154	405	154	0
82Nsremoved_rename_npspace_gb_modified_srt_dist.tab
	CR1	CR2	MA1	MA2	MM1	MM2
CR1	0	265	272	159	159	134
CR2	265	0	38	277	277	258
MA1	272	38	0	282	282	266
MA2	159	277	282	0	0	151
MM1	159	277	282	0	0	151
MM2	134	258	266	151	151	0
86Nsremoved_rename_npspace_gb_srt_dist.tab
	CR1	CR2	MA1	MA2	MM1	MM2
CR1	0	181	90	188	90	87
CR2	181	0	181	41	181	169
MA1	90	181	0	186	0	99
MA2	188	41	186	0	186	178
MM1	90	181	0	186	0	99
MM2	87	169	99	178	99	0
87Nsremoved_rename_npspace_gb_srt_dist.tab
	CR1	CR2	MA1	MA2	MM1	MM2
CR1	0	264	137	255	132	137
CR2	264	0	287	41	257	287
MA1	137	287	0	280	130	0
MA2	255	41	280	0	246	280
MM1	132	257	130	246	0	130
MM2	137	287	0	280	130	0
88Nsremoved_rename_npspace_gb_modified_srt_dist.tab
	CR1	CR2	MA1	MA2	MM1	MM2
CR1	0	265	93	260	144	93
CR2	265	0	264	93	262	264
MA1	93	264	0	255	123	0
MA2	260	93	255	0	258	255
MM1	144	262	123	258	0	123
MM2	93	264	0	255	123	0
8Nsremoved_rename_npspace_gb_srt_dist.tab
	CR1	CR2	MA1	MA2	MM1	MM2
CR1	0	354	392	223	412	393
CR2	354	0	220	441	257	217
MA1	392	220	0	435	282	3
MA2	223	441	435	0	456	438
MM1	412	257	282	456	0	280
MM2	393	217	3	438	280	0
90Nsremoved_rename_npspace_gb_srt_dist.tab
	CR1	CR2	MA1	MA2	MM1	MM2
CR1	0	351	168	351	146	161
CR2	351	0	336	72	345	349
MA1	168	336	0	332	163	15
MA2	351	72	332	0	345	347
MM1	146	345	163	345	0	153
MM2	161	349	15	347	153	0
91Nsremoved_rename_npspace_gb_modified_srt_dist.tab
	CR1	CR2	MA1	MA2	MM1	MM2
CR1	0	121	152	79	139	152
CR2	121	0	92	166	88	92
MA1	152	92	0	189	70	0
MA2	79	166	189	0	176	189
MM1	139	88	70	176	0	70
MM2	152	92	0	189	70	0
92Nsremoved_rename_npspace_gb_srt_dist.tab
	CR1	CR2	MA1	MA2	MM1	MM2
CR1	0	192	103	181	126	96
CR2	192	0	193	71	201	192
MA1	103	193	0	184	129	111
MA2	181	71	184	0	192	181
MM1	126	201	129	192	0	121
MM2	96	192	111	181	121	0
94Nsremoved_rename_npspace_gb_modified_srt_dist.tab
	CR1	CR2	MA1	MA2	MM1	MM2
CR1	0	119	78	118	78	83
CR2	119	0	112	11	112	116
MA1	78	112	0	110	0	61
MA2	118	11	110	0	110	117
MM1	78	112	0	110	0	61
MM2	83	116	61	117	61	0
96Nsremoved_rename_npspace_gb_srt_dist.tab
	CR1	CR2	MA1	MA2	MM1	MM2
CR1	0	116	112	100	106	107
CR2	116	0	82	56	86	83
MA1	112	82	0	108	46	43
MA2	100	56	108	0	112	113
MM1	106	86	46	112	0	23
MM2	107	83	43	113	23	0
97Nsremoved_rename_npspace_gb_srt_dist.tab
	CR1	CR2	MA1	MA2	MM1	MM2
CR1	0	468	238	237	209	212
CR2	468	0	420	419	456	478
MA1	238	420	0	89	245	244
MA2	237	419	89	0	240	251
MM1	209	456	245	240	0	201
MM2	212	478	244	251	201	0
98Nsremoved_rename_npspace_gb_srt_dist.tab
	CR1	CR2	MA1	MA2	MM1	MM2
CR1	0	452	218	461	224	192
CR2	452	0	454	138	476	448
MA1	218	454	0	465	189	157
MA2	461	138	465	0	489	462
MM1	224	476	189	489	0	32
MM2	192	448	157	462	32	0
99Nsremoved_rename_npspace_gb_srt_dist.tab
	CR1	CR2	MA1	MA2	MM1	MM2
CR1	0	539	131	512	548	512
CR2	539	0	550	215	231	215
MA1	131	550	0	522	561	522
MA2	512	215	522	0	198	0
MM1	548	231	561	198	0	198
MM2	512	215	522	0	198	0
